timeOpen;timeClose;timeHigh;timeLow;open;high;low;close;volume;marketCap;timestamp
"2023-09-10T00:00:00.000Z";"2023-09-10T23:59:59.999Z";"2023-09-10T00:22:00.000Z";"2023-09-10T17:55:00.000Z";0.0127611099;0.0127969189;0.0121128612;0.0123724983;2573720.56;284157376.57;"2023-09-10T23:59:59.999Z"
"2023-09-09T00:00:00.000Z";"2023-09-09T23:59:59.999Z";"2023-09-09T21:28:00.000Z";"2023-09-09T10:40:00.000Z";0.0127398663;0.0129394515;0.0125506075;0.0127617647;2432170.86;293091588.47;"2023-09-09T23:59:59.999Z"
"2023-09-08T00:00:00.000Z";"2023-09-08T23:59:59.999Z";"2023-09-08T14:30:00.000Z";"2023-09-08T17:11:00.000Z";0.0128393223;0.0131888126;0.0126461909;0.0127394628;3286159.8;292568562.56;"2023-09-08T23:59:59.999Z"
"2023-09-07T00:00:00.000Z";"2023-09-07T23:59:59.999Z";"2023-09-07T00:06:00.000Z";"2023-09-07T12:28:00.000Z";0.0128667918;0.012870589;0.0127169991;0.0128379017;2071941.29;294692064.09;"2023-09-07T23:59:59.999Z"
"2023-09-06T00:00:00.000Z";"2023-09-06T23:59:59.999Z";"2023-09-06T00:05:00.000Z";"2023-09-06T17:10:00.000Z";0.0131075925;0.013119552;0.012840732;0.012865619;2406740.46;294958280.09;"2023-09-06T23:59:59.999Z"
"2023-09-05T00:00:00.000Z";"2023-09-05T23:59:59.999Z";"2023-09-05T10:26:00.000Z";"2023-09-05T00:00:00.000Z";0.0130650306;0.0132205326;0.0130650306;0.013107595;1794487.95;300494040.26;"2023-09-05T23:59:59.999Z"
"2023-09-04T00:00:00.000Z";"2023-09-04T23:59:59.999Z";"2023-09-04T12:58:00.000Z";"2023-09-04T21:58:00.000Z";0.0132315779;0.0133352694;0.0130429466;0.0130649739;2792666.48;299489899.98;"2023-09-04T23:59:59.999Z"
"2023-09-03T00:00:00.000Z";"2023-09-03T23:59:59.999Z";"2023-09-03T06:54:00.000Z";"2023-09-03T17:11:00.000Z";0.0131551492;0.0133351213;0.0130455901;0.0132324432;2274845.66;303159574.35;"2023-09-03T23:59:59.999Z"
"2023-09-02T00:00:00.000Z";"2023-09-02T23:59:59.999Z";"2023-09-02T04:13:00.000Z";"2023-09-02T23:27:00.000Z";0.0137830841;0.013866947;0.0131471934;0.0131482349;2718532.59;301222430.96;"2023-09-02T23:59:59.999Z"
"2023-09-01T00:00:00.000Z";"2023-09-01T23:59:59.999Z";"2023-09-01T23:49:00.000Z";"2023-09-01T07:55:00.000Z";0.0132591623;0.0138436948;0.0131468901;0.0137814465;5088519.54;315710573.66;"2023-09-01T23:59:59.999Z"
"2023-08-31T00:00:00.000Z";"2023-08-31T23:59:59.999Z";"2023-08-31T03:26:00.000Z";"2023-08-31T21:16:00.000Z";0.0137821048;0.013835822;0.0130816642;0.0132612405;3873685.88;303600012.95;"2023-08-31T23:59:59.999Z"
"2023-08-30T00:00:00.000Z";"2023-08-30T23:59:59.999Z";"2023-08-30T00:54:00.000Z";"2023-08-30T16:00:00.000Z";0.01405614;0.0142042679;0.0131258714;0.013782473;4349532.74;315517119.88;"2023-08-30T23:59:59.999Z"
"2023-08-29T00:00:00.000Z";"2023-08-29T23:59:59.999Z";"2023-08-29T23:55:00.000Z";"2023-08-29T10:55:00.000Z";0.0138431633;0.0140778466;0.0135747959;0.0140466982;3901292.54;321495744.51;"2023-08-29T23:59:59.999Z"
"2023-08-28T00:00:00.000Z";"2023-08-28T23:59:59.999Z";"2023-08-28T06:55:00.000Z";"2023-08-28T10:57:00.000Z";0.0138100963;0.0138755179;0.0135096002;0.0138432042;2994432.86;316474702.93;"2023-08-28T23:59:59.999Z"
"2023-08-27T00:00:00.000Z";"2023-08-27T23:59:59.999Z";"2023-08-27T17:04:00.000Z";"2023-08-27T05:23:00.000Z";0.0139308725;0.013942802;0.0134850219;0.0138099891;3992577.03;315167300.58;"2023-08-27T23:59:59.999Z"
"2023-08-26T00:00:00.000Z";"2023-08-26T23:59:59.999Z";"2023-08-26T22:16:00.000Z";"2023-08-26T00:56:00.000Z";0.0136023634;0.0140023723;0.013425085;0.0139309149;4919924.03;317905274.95;"2023-08-26T23:59:59.999Z"
"2023-08-25T00:00:00.000Z";"2023-08-25T23:59:59.999Z";"2023-08-25T09:32:00.000Z";"2023-08-25T15:05:00.000Z";0.0132958271;0.0136212233;0.0132492635;0.0135999298;4926724.29;310309647.19;"2023-08-25T23:59:59.999Z"
"2023-08-24T00:00:00.000Z";"2023-08-24T23:59:59.999Z";"2023-08-24T03:21:00.000Z";"2023-08-24T20:53:00.000Z";0.0134750748;0.0135468036;0.0131431088;0.0132975667;2584915.46;303155754.45;"2023-08-24T23:59:59.999Z"
"2023-08-23T00:00:00.000Z";"2023-08-23T23:59:59.999Z";"2023-08-23T19:51:00.000Z";"2023-08-23T10:28:00.000Z";0.0131198601;0.0135772932;0.0130732899;0.0134765997;3471797.03;307207869.5;"2023-08-23T23:59:59.999Z"
"2023-08-22T00:00:00.000Z";"2023-08-22T23:59:59.999Z";"2023-08-22T00:28:00.000Z";"2023-08-22T19:44:00.000Z";0.0133213307;0.0133708536;0.012805505;0.0131196406;3294662.83;298996782.14;"2023-08-22T23:59:59.999Z"
"2023-08-21T00:00:00.000Z";"2023-08-21T23:59:59.999Z";"2023-08-21T04:48:00.000Z";"2023-08-21T17:47:00.000Z";0.0133007951;0.0135058577;0.0131422203;0.013321103;3667612.09;302577651.25;"2023-08-21T23:59:59.999Z"
"2023-08-20T00:00:00.000Z";"2023-08-20T23:59:59.999Z";"2023-08-20T13:35:00.000Z";"2023-08-20T01:22:00.000Z";0.0133015344;0.0134295603;0.0131515381;0.0133029868;4277540.01;301815324.09;"2023-08-20T23:59:59.999Z"
"2023-08-19T00:00:00.000Z";"2023-08-19T23:59:59.999Z";"2023-08-19T16:48:00.000Z";"2023-08-19T02:09:00.000Z";0.0132127077;0.0135500166;0.0131437495;0.0133020302;4743226.73;301740876.67;"2023-08-19T23:59:59.999Z"
"2023-08-18T00:00:00.000Z";"2023-08-18T23:59:59.999Z";"2023-08-18T22:22:00.000Z";"2023-08-18T02:35:00.000Z";0.0126186863;0.0132827341;0.0122962973;0.0132126236;12356476.97;299612470.54;"2023-08-18T23:59:59.999Z"
"2023-08-17T00:00:00.000Z";"2023-08-17T23:59:59.999Z";"2023-08-17T09:39:00.000Z";"2023-08-17T22:49:00.000Z";0.0137230051;0.0139873444;0.0124998567;0.0126200523;14687953.05;285957660.96;"2023-08-17T23:59:59.999Z"
"2023-08-16T00:00:00.000Z";"2023-08-16T23:59:59.999Z";"2023-08-16T03:08:00.000Z";"2023-08-16T23:54:00.000Z";0.0143826339;0.0145511518;0.0136578771;0.0137211339;14221084.44;310711467.15;"2023-08-16T23:59:59.999Z"
"2023-08-15T00:00:00.000Z";"2023-08-15T23:59:59.999Z";"2023-08-15T00:00:00.000Z";"2023-08-15T19:46:00.000Z";0.0150704781;0.0150704781;0.0141774856;0.0143828778;5621750.19;325099485.55;"2023-08-15T23:59:59.999Z"
"2023-08-14T00:00:00.000Z";"2023-08-14T23:59:59.999Z";"2023-08-14T00:12:00.000Z";"2023-08-14T12:46:00.000Z";0.0150898963;0.0151298594;0.0147449423;0.0150756046;4968008.92;322237443.91;"2023-08-14T23:59:59.999Z"
"2023-08-13T00:00:00.000Z";"2023-08-13T23:59:59.999Z";"2023-08-13T15:42:00.000Z";"2023-08-13T03:50:00.000Z";0.0151222724;0.0152845291;0.0149531986;0.0150869268;3293851;315234343.62;"2023-08-13T23:59:59.999Z"
"2023-08-12T00:00:00.000Z";"2023-08-12T23:59:59.999Z";"2023-08-12T14:25:00.000Z";"2023-08-12T03:06:00.000Z";0.0150904645;0.0151542078;0.0147920978;0.0151189503;4388293.13;315892392.57;"2023-08-12T23:59:59.999Z"
"2023-08-11T00:00:00.000Z";"2023-08-11T23:59:59.999Z";"2023-08-11T02:52:00.000Z";"2023-08-11T21:01:00.000Z";0.0152270808;0.0156493087;0.0150172591;0.0150908464;7422846.66;315177101.15;"2023-08-11T23:59:59.999Z"
"2023-08-10T00:00:00.000Z";"2023-08-10T23:59:59.999Z";"2023-08-10T07:16:00.000Z";"2023-08-10T00:24:00.000Z";0.0148958781;0.0153027701;0.0148838159;0.0152268249;5813326.07;317535078.22;"2023-08-10T23:59:59.999Z"
"2023-08-09T00:00:00.000Z";"2023-08-09T23:59:59.999Z";"2023-08-09T14:25:00.000Z";"2023-08-09T07:35:00.000Z";0.0147176215;0.0158508186;0.0146438532;0.0148970168;11192960.53;310635274.74;"2023-08-09T23:59:59.999Z"
"2023-08-08T00:00:00.000Z";"2023-08-08T23:59:59.999Z";"2023-08-08T00:19:00.000Z";"2023-08-08T14:20:00.000Z";0.0147849177;0.0148733231;0.014364781;0.0147171456;5278738.89;306531683.83;"2023-08-08T23:59:59.999Z"
"2023-08-07T00:00:00.000Z";"2023-08-07T23:59:59.999Z";"2023-08-07T23:56:00.000Z";"2023-08-07T19:41:00.000Z";0.0145264285;0.0148345889;0.0144194537;0.0147906342;7072559.21;306520595.62;"2023-08-07T23:59:59.999Z"
"2023-08-06T00:00:00.000Z";"2023-08-06T23:59:59.999Z";"2023-08-06T23:52:00.000Z";"2023-08-06T15:15:00.000Z";0.0143738207;0.0145283873;0.0143474838;0.01452614;10024444.29;300926822.6;"2023-08-06T23:59:59.999Z"
"2023-08-05T00:00:00.000Z";"2023-08-05T23:59:59.999Z";"2023-08-05T19:59:00.000Z";"2023-08-05T16:59:00.000Z";0.0143850271;0.0145974225;0.0142647351;0.0143731001;13191420.97;297739675.03;"2023-08-05T23:59:59.999Z"
"2023-08-04T00:00:00.000Z";"2023-08-04T23:59:59.999Z";"2023-08-04T17:32:00.000Z";"2023-08-04T21:01:00.000Z";0.0146182266;0.0146445237;0.0143732024;0.0143829374;15706490.23;297905501.62;"2023-08-04T23:59:59.999Z"
"2023-08-03T00:00:00.000Z";"2023-08-03T23:59:59.999Z";"2023-08-03T17:25:00.000Z";"2023-08-03T10:11:00.000Z";0.0144935011;0.0147738337;0.014310349;0.0146192158;32225929.36;302268624.5;"2023-08-03T23:59:59.999Z"
"2023-08-02T00:00:00.000Z";"2023-08-02T23:59:59.999Z";"2023-08-02T07:41:00.000Z";"2023-08-02T23:26:00.000Z";0.0148463441;0.0149782416;0.0144470147;0.014484773;31692611.92;299454656.76;"2023-08-02T23:59:59.999Z"
"2023-08-01T00:00:00.000Z";"2023-08-01T23:59:59.999Z";"2023-08-01T09:41:00.000Z";"2023-08-01T04:25:00.000Z";0.0145591933;0.015098531;0.0144614977;0.0148446908;14402592.92;310792086.89;"2023-08-01T23:59:59.999Z"
"2023-07-31T00:00:00.000Z";"2023-07-31T23:59:59.999Z";"2023-07-31T13:14:00.000Z";"2023-07-31T23:23:00.000Z";0.014862445;0.0154862926;0.0144716662;0.0145590007;6518189.73;304493456.57;"2023-07-31T23:59:59.999Z"
"2023-07-30T00:00:00.000Z";"2023-07-30T23:59:59.999Z";"2023-07-30T03:26:00.000Z";"2023-07-30T09:44:00.000Z";0.0150079718;0.0151412683;0.0147335623;0.0148625475;6341705.76;310633204.92;"2023-07-30T23:59:59.999Z"
"2023-07-29T00:00:00.000Z";"2023-07-29T23:59:59.999Z";"2023-07-29T00:00:00.000Z";"2023-07-29T15:51:00.000Z";0.0152712136;0.0152712136;0.0146392374;0.0150063663;5223555.11;313619628.56;"2023-07-29T23:59:59.999Z"
"2023-07-28T00:00:00.000Z";"2023-07-28T23:59:59.999Z";"2023-07-28T14:11:00.000Z";"2023-07-28T00:00:00.000Z";0.0141044976;0.0156207775;0.0141044976;0.0152618561;15169254.74;318929437.63;"2023-07-28T23:59:59.999Z"
"2023-07-27T00:00:00.000Z";"2023-07-27T23:59:59.999Z";"2023-07-27T01:43:00.000Z";"2023-07-27T20:58:00.000Z";0.0141866908;0.0146210367;0.013992555;0.0140685157;4204920.66;293816832.98;"2023-07-27T23:59:59.999Z"
"2023-07-26T00:00:00.000Z";"2023-07-26T23:59:59.999Z";"2023-07-26T14:10:00.000Z";"2023-07-26T05:24:00.000Z";0.0139484654;0.0142068924;0.0139054852;0.0141865906;3669256.11;294473670.86;"2023-07-26T23:59:59.999Z"
"2023-07-25T00:00:00.000Z";"2023-07-25T23:59:59.999Z";"2023-07-25T09:59:00.000Z";"2023-07-25T17:28:00.000Z";0.014023778;0.0145327119;0.0138138644;0.0139481002;5775724.65;289385766.56;"2023-07-25T23:59:59.999Z"
"2023-07-24T00:00:00.000Z";"2023-07-24T23:59:59.999Z";"2023-07-24T01:00:00.000Z";"2023-07-24T17:58:00.000Z";0.0145188775;0.0147541222;0.0137798146;0.0140231726;5258138.66;290895700.28;"2023-07-24T23:59:59.999Z"
"2023-07-23T00:00:00.000Z";"2023-07-23T23:59:59.999Z";"2023-07-23T07:14:00.000Z";"2023-07-23T00:55:00.000Z";0.0144478659;0.0146512309;0.0140528767;0.0145171535;4990918.52;300997041.62;"2023-07-23T23:59:59.999Z"
"2023-07-22T00:00:00.000Z";"2023-07-22T23:59:59.999Z";"2023-07-22T15:47:00.000Z";"2023-07-22T05:23:00.000Z";0.0144186345;0.0152670895;0.0143873033;0.0144471175;11236862.18;299518839.31;"2023-07-22T23:59:59.999Z"
"2023-07-21T00:00:00.000Z";"2023-07-21T23:59:59.999Z";"2023-07-21T15:28:00.000Z";"2023-07-21T00:00:00.000Z";0.0139469483;0.0149260532;0.0139469483;0.0144189437;10169720.21;298883405.22;"2023-07-21T23:59:59.999Z"
"2023-07-20T00:00:00.000Z";"2023-07-20T23:59:59.999Z";"2023-07-20T19:31:00.000Z";"2023-07-20T12:20:00.000Z";0.0135550874;0.0149752102;0.0134733883;0.0139469265;14638240.73;288946417.01;"2023-07-20T23:59:59.999Z"
"2023-07-19T00:00:00.000Z";"2023-07-19T23:59:59.999Z";"2023-07-19T18:48:00.000Z";"2023-07-19T12:20:00.000Z";0.0135720667;0.0137793234;0.0134733883;0.0135547714;5082234.74;280763303.77;"2023-07-19T23:59:59.999Z"
"2023-07-18T00:00:00.000Z";"2023-07-18T23:59:59.999Z";"2023-07-18T02:19:00.000Z";"2023-07-18T12:42:00.000Z";0.0137727012;0.0138046132;0.0134012282;0.0135695461;5520650.25;280961056.97;"2023-07-18T23:59:59.999Z"
"2023-07-17T00:00:00.000Z";"2023-07-17T23:59:59.999Z";"2023-07-17T01:54:00.000Z";"2023-07-17T23:05:00.000Z";0.0140692321;0.0145503998;0.0136378175;0.0137737681;7051331.24;284742287.06;"2023-07-17T23:59:59.999Z"
"2023-07-16T00:00:00.000Z";"2023-07-16T23:59:59.999Z";"2023-07-16T14:56:00.000Z";"2023-07-16T08:49:00.000Z";0.013960688;0.0141972794;0.0137839787;0.0140711218;4913635.52;289600659.96;"2023-07-16T23:59:59.999Z"
"2023-07-15T00:00:00.000Z";"2023-07-15T23:59:59.999Z";"2023-07-15T18:40:00.000Z";"2023-07-15T14:22:00.000Z";0.0138458346;0.0145436222;0.0137595793;0.0139670919;7539359.94;270569329.51;"2023-07-15T23:59:59.999Z"
"2023-07-14T00:00:00.000Z";"2023-07-14T23:59:59.999Z";"2023-07-14T00:21:00.000Z";"2023-07-14T20:14:00.000Z";0.0155358593;0.0167271476;0.0135629072;0.0138477655;18325302.86;262020351.17;"2023-07-14T23:59:59.999Z"
"2023-07-13T00:00:00.000Z";"2023-07-13T23:59:59.999Z";"2023-07-13T23:56:00.000Z";"2023-07-13T02:35:00.000Z";0.0132185641;0.0155513221;0.0130564308;0.0155407963;27955391.7;293886462.2;"2023-07-13T23:59:59.999Z"
"2023-07-12T00:00:00.000Z";"2023-07-12T23:59:59.999Z";"2023-07-12T15:52:00.000Z";"2023-07-12T22:55:00.000Z";0.013390572;0.0134864459;0.0131777212;0.0132171111;5497936.8;239636536.62;"2023-07-12T23:59:59.999Z"
"2023-07-11T00:00:00.000Z";"2023-07-11T23:59:59.999Z";"2023-07-11T20:53:00.000Z";"2023-07-11T23:57:00.000Z";0.0135919057;0.0141487777;0.0133893344;0.0133906268;6964039.57;241814776.46;"2023-07-11T23:59:59.999Z"
"2023-07-10T00:00:00.000Z";"2023-07-10T23:59:59.999Z";"2023-07-10T06:19:00.000Z";"2023-07-10T01:17:00.000Z";0.0133513226;0.0141848837;0.0129604708;0.0135918067;9565839.29;245395604.36;"2023-07-10T23:59:59.999Z"
"2023-07-09T00:00:00.000Z";"2023-07-09T23:59:59.999Z";"2023-07-09T13:55:00.000Z";"2023-07-09T04:24:00.000Z";0.0131602519;0.014215578;0.0131123179;0.0133481854;5857569.1;253404280.14;"2023-07-09T23:59:59.999Z"
"2023-07-08T00:00:00.000Z";"2023-07-08T23:59:59.999Z";"2023-07-08T03:10:00.000Z";"2023-07-08T21:29:00.000Z";0.013366462;0.0133689474;0.0129663877;0.0131599251;3275303.62;249818862.4;"2023-07-08T23:59:59.999Z"
"2023-07-07T00:00:00.000Z";"2023-07-07T23:59:59.999Z";"2023-07-07T00:44:00.000Z";"2023-07-07T09:52:00.000Z";0.0138216186;0.0138264731;0.0131006088;0.013363949;4629743.45;253676867.29;"2023-07-07T23:59:59.999Z"
"2023-07-06T00:00:00.000Z";"2023-07-06T23:59:59.999Z";"2023-07-06T12:48:00.000Z";"2023-07-06T23:57:00.000Z";0.0139203581;0.0143949361;0.0138162518;0.0138227923;4658783.71;262241279.31;"2023-07-06T23:59:59.999Z"
"2023-07-05T00:00:00.000Z";"2023-07-05T23:59:59.999Z";"2023-07-05T00:06:00.000Z";"2023-07-05T23:39:00.000Z";0.0147094885;0.0147478401;0.0138877596;0.0139163098;4185471.9;264006748.69;"2023-07-05T23:59:59.999Z"
"2023-07-04T00:00:00.000Z";"2023-07-04T23:59:59.999Z";"2023-07-04T00:22:00.000Z";"2023-07-04T23:57:00.000Z";0.0148640151;0.0148998495;0.0147057702;0.0147086863;3297093.74;279017087.08;"2023-07-04T23:59:59.999Z"
"2023-07-03T00:00:00.000Z";"2023-07-03T23:59:59.999Z";"2023-07-03T08:37:00.000Z";"2023-07-03T02:37:00.000Z";0.0147218385;0.0150871313;0.0146986814;0.014862857;4794218.82;281907876.82;"2023-07-03T23:59:59.999Z"
"2023-07-02T00:00:00.000Z";"2023-07-02T23:59:59.999Z";"2023-07-02T22:59:00.000Z";"2023-07-02T13:50:00.000Z";0.0147056984;0.0147641865;0.0145914321;0.0147219999;3259048.12;279076745.7;"2023-07-02T23:59:59.999Z"
"2023-07-01T00:00:00.000Z";"2023-07-01T23:59:59.999Z";"2023-07-01T16:08:00.000Z";"2023-07-01T11:34:00.000Z";0.0147921847;0.0148436962;0.0146248833;0.01470583;3906631.8;278756545.82;"2023-07-01T23:59:59.999Z"
"2023-06-30T00:00:00.000Z";"2023-06-30T23:59:59.999Z";"2023-06-30T13:34:00.000Z";"2023-06-30T15:03:00.000Z";0.0147366266;0.015083319;0.0146498132;0.0147920686;5731164.53;277397286.9;"2023-06-30T23:59:59.999Z"
"2023-06-29T00:00:00.000Z";"2023-06-29T23:59:59.999Z";"2023-06-29T13:01:00.000Z";"2023-06-29T09:12:00.000Z";0.0146827299;0.0149877223;0.0145443532;0.0147372144;3506706;276187762.38;"2023-06-29T23:59:59.999Z"
"2023-06-28T00:00:00.000Z";"2023-06-28T23:59:59.999Z";"2023-06-28T00:07:00.000Z";"2023-06-28T21:58:00.000Z";0.0156689917;0.0156759429;0.0146034091;0.0146620038;3963152.45;274331811.65;"2023-06-28T23:59:59.999Z"
"2023-06-27T00:00:00.000Z";"2023-06-27T23:59:59.999Z";"2023-06-27T04:09:00.000Z";"2023-06-27T16:51:00.000Z";0.0158491869;0.0159559983;0.0156281408;0.0156681453;4437959.41;293081572.58;"2023-06-27T23:59:59.999Z"
"2023-06-26T00:00:00.000Z";"2023-06-26T23:59:59.999Z";"2023-06-26T00:17:00.000Z";"2023-06-26T23:52:00.000Z";0.0165579854;0.0165980654;0.0158415587;0.0158497308;4956511.98;296436337.69;"2023-06-26T23:59:59.999Z"
"2023-06-25T00:00:00.000Z";"2023-06-25T23:59:59.999Z";"2023-06-25T07:02:00.000Z";"2023-06-25T04:00:00.000Z";0.0164689337;0.01684177;0.0162169052;0.0165622694;5926782.66;309568471.32;"2023-06-25T23:59:59.999Z"
"2023-06-24T00:00:00.000Z";"2023-06-24T23:59:59.999Z";"2023-06-24T06:43:00.000Z";"2023-06-24T18:03:00.000Z";0.0168520554;0.0178681052;0.0160522535;0.0164597742;15365997.66;307596268.29;"2023-06-24T23:59:59.999Z"
"2023-06-23T00:00:00.000Z";"2023-06-23T23:59:59.999Z";"2023-06-23T21:02:00.000Z";"2023-06-23T10:44:00.000Z";0.0152302399;0.0189379938;0.0151627031;0.0168377817;19302030.54;314625333.01;"2023-06-23T23:59:59.999Z"
"2023-06-22T00:00:00.000Z";"2023-06-22T23:59:59.999Z";"2023-06-22T11:02:00.000Z";"2023-06-22T19:58:00.000Z";0.0156201426;0.0159783178;0.0152303482;0.015232545;7278358.16;284542728.33;"2023-06-22T23:59:59.999Z"
"2023-06-21T00:00:00.000Z";"2023-06-21T23:59:59.999Z";"2023-06-21T13:42:00.000Z";"2023-06-21T00:14:00.000Z";0.0153373376;0.0161739587;0.015333802;0.0156211122;9666599.83;291753201.2;"2023-06-21T23:59:59.999Z"
"2023-06-20T00:00:00.000Z";"2023-06-20T23:59:59.999Z";"2023-06-20T21:28:00.000Z";"2023-06-20T13:43:00.000Z";0.0146687538;0.015645399;0.0145863571;0.0153385413;10160767.33;285775730.8;"2023-06-20T23:59:59.999Z"
"2023-06-19T00:00:00.000Z";"2023-06-19T23:59:59.999Z";"2023-06-19T08:44:00.000Z";"2023-06-19T00:01:00.000Z";0.0143390782;0.0161617516;0.0143099157;0.0146699207;22757349.75;272791368.24;"2023-06-19T23:59:59.999Z"
"2023-06-18T00:00:00.000Z";"2023-06-18T23:59:59.999Z";"2023-06-18T16:49:00.000Z";"2023-06-18T22:55:00.000Z";0.014473208;0.014894377;0.0142994201;0.0143352784;4015479.62;265929506.93;"2023-06-18T23:59:59.999Z"
"2023-06-17T00:00:00.000Z";"2023-06-17T23:59:59.999Z";"2023-06-17T07:44:00.000Z";"2023-06-17T00:39:00.000Z";0.0144373308;0.014837921;0.0143770021;0.0144725779;3748415.98;268352842.36;"2023-06-17T23:59:59.999Z"
"2023-06-16T00:00:00.000Z";"2023-06-16T23:59:59.999Z";"2023-06-16T06:49:00.000Z";"2023-06-16T10:03:00.000Z";0.0143557814;0.0148659101;0.0139622815;0.0144371199;8010840.38;267403581.98;"2023-06-16T23:59:59.999Z"
"2023-06-15T00:00:00.000Z";"2023-06-15T23:59:59.999Z";"2023-06-15T00:00:00.000Z";"2023-06-15T12:52:00.000Z";0.0149568689;0.0149568689;0.013573502;0.0143556519;8644592.02;248167478.79;"2023-06-15T23:59:59.999Z"
"2023-06-14T00:00:00.000Z";"2023-06-14T23:59:59.999Z";"2023-06-14T03:10:00.000Z";"2023-06-14T21:27:00.000Z";0.0156742342;0.0158677719;0.0145344858;0.0149735012;6638898.3;248914922.08;"2023-06-14T23:59:59.999Z"
"2023-06-13T00:00:00.000Z";"2023-06-13T23:59:59.999Z";"2023-06-13T04:14:00.000Z";"2023-06-13T22:25:00.000Z";0.0162595327;0.016451729;0.0155227549;0.0156742342;7700247.14;260554080.56;"2023-06-13T23:59:59.999Z"
"2023-06-12T00:00:00.000Z";"2023-06-12T23:59:59.999Z";"2023-06-12T10:34:00.000Z";"2023-06-12T19:13:00.000Z";0.0161917118;0.0168899731;0.0161055022;0.0162590721;6891669.97;270091687.2;"2023-06-12T23:59:59.999Z"
"2023-06-11T00:00:00.000Z";"2023-06-11T23:59:59.999Z";"2023-06-11T16:43:00.000Z";"2023-06-11T08:19:00.000Z";0.0160817243;0.0166531391;0.0158267268;0.0161904735;6341307.61;268791750.64;"2023-06-11T23:59:59.999Z"
"2023-06-10T00:00:00.000Z";"2023-06-10T23:59:59.999Z";"2023-06-10T00:36:00.000Z";"2023-06-10T16:53:00.000Z";0.0185289918;0.0185800468;0.0156261415;0.0160818172;8852811.33;266981044.56;"2023-06-10T23:59:59.999Z"
"2023-06-09T00:00:00.000Z";"2023-06-09T23:59:59.999Z";"2023-06-09T13:40:00.000Z";"2023-06-09T06:12:00.000Z";0.0185239404;0.0194465088;0.0182315879;0.0185283885;8230774.77;307584303.77;"2023-06-09T23:59:59.999Z"
"2023-06-08T00:00:00.000Z";"2023-06-08T23:59:59.999Z";"2023-06-08T15:55:00.000Z";"2023-06-08T06:16:00.000Z";0.0186700668;0.0191251841;0.0178583961;0.0185276228;11152361.35;307406424.29;"2023-06-08T23:59:59.999Z"
"2023-06-07T00:00:00.000Z";"2023-06-07T23:59:59.999Z";"2023-06-07T05:43:00.000Z";"2023-06-07T23:58:00.000Z";0.0205157572;0.0205805664;0.0186610403;0.0186634757;7678564.1;309641895.64;"2023-06-07T23:59:59.999Z"
"2023-06-06T00:00:00.000Z";"2023-06-06T23:59:59.999Z";"2023-06-06T07:08:00.000Z";"2023-06-06T13:54:00.000Z";0.020794973;0.021435743;0.0200055253;0.0205115498;6765152.73;340240464.88;"2023-06-06T23:59:59.999Z"
"2023-06-05T00:00:00.000Z";"2023-06-05T23:59:59.999Z";"2023-06-05T02:42:00.000Z";"2023-06-05T16:52:00.000Z";0.022960117;0.0231164818;0.020513467;0.020798096;8527223.66;344874403.07;"2023-06-05T23:59:59.999Z"
"2023-06-04T00:00:00.000Z";"2023-06-04T23:59:59.999Z";"2023-06-04T10:44:00.000Z";"2023-06-04T23:33:00.000Z";0.0230618409;0.0232512138;0.0228796267;0.0229645331;4369408.55;380586680.89;"2023-06-04T23:59:59.999Z"
"2023-06-03T00:00:00.000Z";"2023-06-03T23:59:59.999Z";"2023-06-03T11:28:00.000Z";"2023-06-03T23:04:00.000Z";0.0233047464;0.0233604091;0.0229639942;0.023063509;3079235.07;382210883.54;"2023-06-03T23:59:59.999Z"
"2023-06-02T00:00:00.000Z";"2023-06-02T23:59:59.999Z";"2023-06-02T23:10:00.000Z";"2023-06-02T18:12:00.000Z";0.0231420843;0.0233595735;0.0229402468;0.0233033225;4531567.88;386158883.53;"2023-06-02T23:59:59.999Z"
"2023-06-01T00:00:00.000Z";"2023-06-01T23:59:59.999Z";"2023-06-01T00:56:00.000Z";"2023-06-01T07:46:00.000Z";0.0233012517;0.0234935405;0.0228399701;0.0231433107;5935687.39;383293693.44;"2023-06-01T23:59:59.999Z"
"2023-05-31T00:00:00.000Z";"2023-05-31T23:59:59.999Z";"2023-05-31T01:30:00.000Z";"2023-05-31T21:36:00.000Z";0.0246180869;0.0247227436;0.0230792539;0.0233027335;7728379.23;385890307.93;"2023-05-31T23:59:59.999Z"
"2023-05-30T00:00:00.000Z";"2023-05-30T23:59:59.999Z";"2023-05-30T14:22:00.000Z";"2023-05-30T02:42:00.000Z";0.024476077;0.0250147739;0.0243225741;0.0246154802;8546727.94;407562307.51;"2023-05-30T23:59:59.999Z"
"2023-05-29T00:00:00.000Z";"2023-05-29T23:59:59.999Z";"2023-05-29T00:41:00.000Z";"2023-05-29T23:23:00.000Z";0.0261127631;0.0261341973;0.024532187;0.0245559615;6911494.86;405923984.41;"2023-05-29T23:59:59.999Z"
"2023-05-28T00:00:00.000Z";"2023-05-28T23:59:59.999Z";"2023-05-28T12:07:00.000Z";"2023-05-28T00:41:00.000Z";0.0256129237;0.0263703567;0.0255032496;0.0261053142;9889451.05;431280466.24;"2023-05-28T23:59:59.999Z"
"2023-05-27T00:00:00.000Z";"2023-05-27T23:59:59.999Z";"2023-05-27T00:01:00.000Z";"2023-05-27T19:02:00.000Z";0.0259517473;0.0259802736;0.0253918834;0.0256149311;6358589.15;423137002.61;"2023-05-27T23:59:59.999Z"
"2023-05-26T00:00:00.000Z";"2023-05-26T23:59:59.999Z";"2023-05-26T19:58:00.000Z";"2023-05-26T13:21:00.000Z";0.0260470735;0.0260678397;0.0255712808;0.0259490653;8286302.61;428612919.59;"2023-05-26T23:59:59.999Z"
"2023-05-25T00:00:00.000Z";"2023-05-25T23:59:59.999Z";"2023-05-25T00:00:00.000Z";"2023-05-25T14:28:00.000Z";0.0270312095;0.0270312095;0.0257950849;0.0260471078;7861845.33;423292096.09;"2023-05-25T23:59:59.999Z"
"2023-05-24T00:00:00.000Z";"2023-05-24T23:59:59.999Z";"2023-05-24T06:01:00.000Z";"2023-05-24T23:49:00.000Z";0.02773716;0.0279818593;0.0270110829;0.0270321218;3299034.34;439043045.17;"2023-05-24T23:59:59.999Z"
"2023-05-23T00:00:00.000Z";"2023-05-23T23:59:59.999Z";"2023-05-23T11:46:00.000Z";"2023-05-23T22:10:00.000Z";0.0279586386;0.0282443577;0.0277252282;0.0277407181;2969472.05;450058385.44;"2023-05-23T23:59:59.999Z"
"2023-05-22T00:00:00.000Z";"2023-05-22T23:59:59.999Z";"2023-05-22T11:28:00.000Z";"2023-05-22T00:42:00.000Z";0.0273825632;0.0282661096;0.0273299311;0.0279564515;3775490.7;453417018.16;"2023-05-22T23:59:59.999Z"
"2023-05-21T00:00:00.000Z";"2023-05-21T23:59:59.999Z";"2023-05-21T07:40:00.000Z";"2023-05-21T23:41:00.000Z";0.0280175776;0.0288961153;0.0273467143;0.0273838893;5095573.69;440820820.04;"2023-05-21T23:59:59.999Z"
"2023-05-20T00:00:00.000Z";"2023-05-20T23:59:59.999Z";"2023-05-20T22:06:00.000Z";"2023-05-20T00:40:00.000Z";0.027646045;0.028176233;0.027479552;0.0280173656;3269768.46;449589851.51;"2023-05-20T23:59:59.999Z"
"2023-05-19T00:00:00.000Z";"2023-05-19T23:59:59.999Z";"2023-05-19T23:04:00.000Z";"2023-05-19T05:33:00.000Z";0.0277171882;0.0280893022;0.0274505884;0.0276379692;5778252.16;443268240.51;"2023-05-19T23:59:59.999Z"
"2023-05-18T00:00:00.000Z";"2023-05-18T23:59:59.999Z";"2023-05-18T20:06:00.000Z";"2023-05-18T18:28:00.000Z";0.0277521338;0.0285047929;0.0273266979;0.027716994;6416202.29;443915362.53;"2023-05-18T23:59:59.999Z"
"2023-05-17T00:00:00.000Z";"2023-05-17T23:59:59.999Z";"2023-05-17T21:50:00.000Z";"2023-05-17T01:38:00.000Z";0.0269311055;0.0285321075;0.0267795155;0.027743992;10364558.91;442276040.71;"2023-05-17T23:59:59.999Z"
"2023-05-16T00:00:00.000Z";"2023-05-16T23:59:59.999Z";"2023-05-16T08:52:00.000Z";"2023-05-16T23:41:00.000Z";0.0282408946;0.0286649204;0.0269010976;0.026937235;34064160.94;411925265.66;"2023-05-16T23:59:59.999Z"
"2023-05-15T00:00:00.000Z";"2023-05-15T23:59:59.999Z";"2023-05-15T14:07:00.000Z";"2023-05-15T08:57:00.000Z";0.0279674119;0.0288616997;0.0278734442;0.0282402017;24158556.37;417643250.66;"2023-05-15T23:59:59.999Z"
"2023-05-14T00:00:00.000Z";"2023-05-14T23:59:59.999Z";"2023-05-14T16:50:00.000Z";"2023-05-14T05:58:00.000Z";0.0276466003;0.0284555817;0.0275130737;0.0279720344;13481168.64;412926553.95;"2023-05-14T23:59:59.999Z"
"2023-05-13T00:00:00.000Z";"2023-05-13T23:59:59.999Z";"2023-05-13T22:56:00.000Z";"2023-05-13T15:48:00.000Z";0.0273864084;0.0279254019;0.0272674917;0.0276331425;9279913.79;407907616.49;"2023-05-13T23:59:59.999Z"
"2023-05-12T00:00:00.000Z";"2023-05-12T23:59:59.999Z";"2023-05-12T04:44:00.000Z";"2023-05-12T19:37:00.000Z";0.0275453606;0.0277132266;0.0270368524;0.0273861422;11688302.84;404139680.36;"2023-05-12T23:59:59.999Z"
"2023-05-11T00:00:00.000Z";"2023-05-11T23:59:59.999Z";"2023-05-11T20:32:00.000Z";"2023-05-11T19:55:00.000Z";0.0279697535;0.0286945691;0.0270639691;0.0275388989;12180067.4;406194852.1;"2023-05-11T23:59:59.999Z"
"2023-05-10T00:00:00.000Z";"2023-05-10T23:59:59.999Z";"2023-05-10T16:29:00.000Z";"2023-05-10T09:54:00.000Z";0.0277451341;0.028571986;0.0276051127;0.0279717346;12041960.01;412565128.77;"2023-05-10T23:59:59.999Z"
"2023-05-09T00:00:00.000Z";"2023-05-09T23:59:59.999Z";"2023-05-09T04:04:00.000Z";"2023-05-09T19:53:00.000Z";0.0281318469;0.0295764901;0.027634526;0.027739495;13155834.11;408403406.17;"2023-05-09T23:59:59.999Z"
"2023-05-08T00:00:00.000Z";"2023-05-08T23:59:59.999Z";"2023-05-08T11:07:00.000Z";"2023-05-08T09:27:00.000Z";0.0287888483;0.0301323593;0.0275189465;0.0281329034;29623857.64;413484812.57;"2023-05-08T23:59:59.999Z"
"2023-05-07T00:00:00.000Z";"2023-05-07T23:59:59.999Z";"2023-05-07T20:52:00.000Z";"2023-05-07T11:14:00.000Z";0.0292134626;0.0314247233;0.0279679328;0.0287950667;20925392.38;422973056.23;"2023-05-07T23:59:59.999Z"
"2023-05-06T00:00:00.000Z";"2023-05-06T23:59:59.999Z";"2023-05-06T21:10:00.000Z";"2023-05-06T16:04:00.000Z";0.0286263586;0.0310425833;0.0275703314;0.0292130077;23156490.72;429092872.6;"2023-05-06T23:59:59.999Z"
"2023-05-05T00:00:00.000Z";"2023-05-05T23:59:59.999Z";"2023-05-05T07:51:00.000Z";"2023-05-05T17:38:00.000Z";0.0289460226;0.0291293963;0.0284982948;0.0286261882;6376398.86;420445645.02;"2023-05-05T23:59:59.999Z"
"2023-05-04T00:00:00.000Z";"2023-05-04T23:59:59.999Z";"2023-05-04T02:49:00.000Z";"2023-05-04T22:53:00.000Z";0.0295174103;0.0309237264;0.0288707158;0.0289463578;8258189.08;424915651.22;"2023-05-04T23:59:59.999Z"
"2023-05-03T00:00:00.000Z";"2023-05-03T23:59:59.999Z";"2023-05-03T12:08:00.000Z";"2023-05-03T21:19:00.000Z";0.0295262256;0.0297411926;0.0289150812;0.0295187278;6815123.03;433303556.3;"2023-05-03T23:59:59.999Z"
"2023-05-02T00:00:00.000Z";"2023-05-02T23:59:59.999Z";"2023-05-02T00:15:00.000Z";"2023-05-02T19:06:00.000Z";0.0302608847;0.0303662063;0.029304831;0.0295244465;6100211.56;432959040.04;"2023-05-02T23:59:59.999Z"
"2023-05-01T00:00:00.000Z";"2023-05-01T23:59:59.999Z";"2023-05-01T00:59:00.000Z";"2023-05-01T20:00:00.000Z";0.0309825124;0.0312079153;0.0301890621;0.0302626901;5354423.08;443843396.66;"2023-05-01T23:59:59.999Z"
"2023-04-30T00:00:00.000Z";"2023-04-30T23:59:59.999Z";"2023-04-30T00:16:00.000Z";"2023-04-30T23:59:00.000Z";0.0316482935;0.0318742386;0.0309808766;0.0309808766;6349427.52;454106372.85;"2023-04-30T23:59:59.999Z"
"2023-04-29T00:00:00.000Z";"2023-04-29T23:59:59.999Z";"2023-04-29T22:31:00.000Z";"2023-04-29T00:26:00.000Z";0.0311489942;0.0322109948;0.0311030811;0.0316518129;5839967;463870830;"2023-04-29T23:59:59.999Z"
"2023-04-28T00:00:00.000Z";"2023-04-28T23:59:59.999Z";"2023-04-28T12:43:00.000Z";"2023-04-28T23:25:00.000Z";0.0317392417;0.0318869213;0.0311159868;0.0311465504;6779662.55;456326681.21;"2023-04-28T23:59:59.999Z"
"2023-04-27T00:00:00.000Z";"2023-04-27T23:59:59.999Z";"2023-04-27T00:38:00.000Z";"2023-04-27T13:49:00.000Z";0.0316727919;0.0322331477;0.0312322597;0.0317420858;8504436.27;464792686.4;"2023-04-27T23:59:59.999Z"
"2023-04-26T00:00:00.000Z";"2023-04-26T23:59:59.999Z";"2023-04-26T16:07:00.000Z";"2023-04-26T20:42:00.000Z";0.0320455397;0.0328259568;0.0313783241;0.0316740543;8551022.94;463760444.89;"2023-04-26T23:59:59.999Z"
"2023-04-25T00:00:00.000Z";"2023-04-25T23:59:59.999Z";"2023-04-25T03:24:00.000Z";"2023-04-25T20:06:00.000Z";0.0318535524;0.0322085287;0.0314943075;0.0320436321;5096013.06;469133163.44;"2023-04-25T23:59:59.999Z"
"2023-04-24T00:00:00.000Z";"2023-04-24T23:59:59.999Z";"2023-04-24T04:30:00.000Z";"2023-04-24T00:46:00.000Z";0.0316393651;0.0323638851;0.031531957;0.0318504383;8036139.88;463017981.5;"2023-04-24T23:59:59.999Z"
"2023-04-23T00:00:00.000Z";"2023-04-23T23:59:59.999Z";"2023-04-23T22:43:00.000Z";"2023-04-23T21:39:00.000Z";0.032058783;0.0324116295;0.0315017337;0.0316513485;7771710.76;459847040.35;"2023-04-23T23:59:59.999Z"
"2023-04-22T00:00:00.000Z";"2023-04-22T23:59:59.999Z";"2023-04-22T08:26:00.000Z";"2023-04-22T05:19:00.000Z";0.0313749109;0.0326032639;0.0311990039;0.032003412;14262887.67;464900203.84;"2023-04-22T23:59:59.999Z"
"2023-04-21T00:00:00.000Z";"2023-04-21T23:59:59.999Z";"2023-04-21T18:31:00.000Z";"2023-04-21T21:24:00.000Z";0.0317952113;0.0338453519;0.0313313181;0.0313741107;14737531.88;455680315.14;"2023-04-21T23:59:59.999Z"
"2023-04-20T00:00:00.000Z";"2023-04-20T23:59:59.999Z";"2023-04-20T10:07:00.000Z";"2023-04-20T19:58:00.000Z";0.0323504975;0.0329023629;0.0312100222;0.0317989831;8951992.88;461414603.3;"2023-04-20T23:59:59.999Z"
"2023-04-19T00:00:00.000Z";"2023-04-19T23:59:59.999Z";"2023-04-19T01:07:00.000Z";"2023-04-19T23:56:00.000Z";0.0347715078;0.0350483646;0.0323418245;0.0323607132;10702278.52;469244867.13;"2023-04-19T23:59:59.999Z"
"2023-04-18T00:00:00.000Z";"2023-04-18T23:59:59.999Z";"2023-04-18T16:43:00.000Z";"2023-04-18T03:44:00.000Z";0.0345568988;0.0352128866;0.0344488024;0.0347652085;9727673.22;503029791.97;"2023-04-18T23:59:59.999Z"
"2023-04-17T00:00:00.000Z";"2023-04-17T23:59:59.999Z";"2023-04-17T16:42:00.000Z";"2023-04-17T23:49:00.000Z";0.0351027102;0.035340618;0.0345545399;0.0346607151;9397757.67;500487747.71;"2023-04-17T23:59:59.999Z"
"2023-04-16T00:00:00.000Z";"2023-04-16T23:59:59.999Z";"2023-04-16T22:30:00.000Z";"2023-04-16T12:37:00.000Z";0.0347981307;0.0354601126;0.0342175851;0.0351031724;13577031.83;472938347.15;"2023-04-16T23:59:59.999Z"
"2023-04-15T00:00:00.000Z";"2023-04-15T23:59:59.999Z";"2023-04-15T17:34:00.000Z";"2023-04-15T02:02:00.000Z";0.0351550065;0.0356117669;0.0347286785;0.0347997175;16020940.76;453056242.83;"2023-04-15T23:59:59.999Z"
"2023-04-14T00:00:00.000Z";"2023-04-14T23:59:59.999Z";"2023-04-14T17:37:00.000Z";"2023-04-14T16:10:00.000Z";0.0350477302;0.0357029396;0.0345369779;0.0351560001;13875527.63;457660986.76;"2023-04-14T23:59:59.999Z"
"2023-04-13T00:00:00.000Z";"2023-04-13T23:59:59.999Z";"2023-04-13T18:22:00.000Z";"2023-04-13T01:40:00.000Z";0.0344503218;0.0353128399;0.0343517196;0.0350440437;14184247.08;438403237.15;"2023-04-13T23:59:59.999Z"
"2023-04-12T00:00:00.000Z";"2023-04-12T23:59:59.999Z";"2023-04-12T01:32:00.000Z";"2023-04-12T09:40:00.000Z";0.036506784;0.0365934201;0.0343345474;0.0346637749;16886437;433589622.24;"2023-04-12T23:59:59.999Z"
"2023-04-11T00:00:00.000Z";"2023-04-11T23:59:59.999Z";"2023-04-11T15:52:00.000Z";"2023-04-11T14:43:00.000Z";0.0344853815;0.0385717149;0.0344079378;0.0365049537;35862717.75;456604837.21;"2023-04-11T23:59:59.999Z"
"2023-04-10T00:00:00.000Z";"2023-04-10T23:59:59.999Z";"2023-04-10T04:10:00.000Z";"2023-04-10T14:13:00.000Z";0.0341967707;0.0349010994;0.0340875989;0.0344897425;14426974.12;431328279.32;"2023-04-10T23:59:59.999Z"
"2023-04-09T00:00:00.000Z";"2023-04-09T23:59:59.999Z";"2023-04-09T00:23:00.000Z";"2023-04-09T18:47:00.000Z";0.0345357561;0.0347756575;0.0340362175;0.0341962794;6164449.76;427432820.77;"2023-04-09T23:59:59.999Z"
"2023-04-08T00:00:00.000Z";"2023-04-08T23:59:59.999Z";"2023-04-08T06:58:00.000Z";"2023-04-08T21:57:00.000Z";0.0342605606;0.0349432269;0.0342165168;0.0345382484;5015391.65;431696666.1;"2023-04-08T23:59:59.999Z"
"2023-04-07T00:00:00.000Z";"2023-04-07T23:59:59.999Z";"2023-04-07T08:58:00.000Z";"2023-04-07T22:53:00.000Z";0.0348513597;0.0358635166;0.0342000509;0.0342680141;12834306.46;428299982.86;"2023-04-07T23:59:59.999Z"
"2023-04-06T00:00:00.000Z";"2023-04-06T23:59:59.999Z";"2023-04-06T06:23:00.000Z";"2023-04-06T21:19:00.000Z";0.0350886144;0.0351248465;0.0345305068;0.0348352411;6358930.79;433860379.38;"2023-04-06T23:59:59.999Z"
"2023-04-05T00:00:00.000Z";"2023-04-05T23:59:59.999Z";"2023-04-05T05:21:00.000Z";"2023-04-05T17:17:00.000Z";0.0350864623;0.0353917674;0.0346470046;0.035086546;8258946.47;436251186.18;"2023-04-05T23:59:59.999Z"
"2023-04-04T00:00:00.000Z";"2023-04-04T23:59:59.999Z";"2023-04-04T19:04:00.000Z";"2023-04-04T01:40:00.000Z";0.0344719224;0.0358656724;0.0340551474;0.0350904187;12098175.48;432715624.23;"2023-04-04T23:59:59.999Z"
"2023-04-03T00:00:00.000Z";"2023-04-03T23:59:59.999Z";"2023-04-03T00:01:00.000Z";"2023-04-03T22:15:00.000Z";0.0353572141;0.0353614571;0.0337374875;0.0344702302;11214765.26;413642456.68;"2023-04-03T23:59:59.999Z"
"2023-04-02T00:00:00.000Z";"2023-04-02T23:59:59.999Z";"2023-04-02T20:05:00.000Z";"2023-04-02T04:14:00.000Z";0.0352175341;0.0364479376;0.0348459005;0.0353621061;11020038.15;424344960.57;"2023-04-02T23:59:59.999Z"
"2023-04-01T00:00:00.000Z";"2023-04-01T23:59:59.999Z";"2023-04-01T00:19:00.000Z";"2023-04-02T02:23:00.000Z";0.0359102023;0.0359988901;0.0349623123;0.0350100011;6461370.62;420119703.57;"2023-04-01T23:59:59.999Z"
"2023-03-31T00:00:00.000Z";"2023-03-31T23:59:59.999Z";"2023-03-31T23:56:00.000Z";"2023-03-31T10:52:00.000Z";0.0356601866;0.0361343362;0.0343097584;0.0359462939;16472230.03;431355208.19;"2023-03-31T23:59:59.999Z"
"2023-03-30T00:00:00.000Z";"2023-03-30T23:59:59.999Z";"2023-03-30T00:28:00.000Z";"2023-03-30T23:43:00.000Z";0.0378683058;0.0388665042;0.0354625936;0.035664849;15958965.64;427977872.83;"2023-03-30T23:59:59.999Z"
"2023-03-29T00:00:00.000Z";"2023-03-29T23:59:59.999Z";"2023-03-29T03:30:00.000Z";"2023-03-29T23:55:00.000Z";0.041641121;0.0424032118;0.0376673329;0.0378917851;34819043.56;454701085.97;"2023-03-29T23:59:59.999Z"
"2023-03-28T00:00:00.000Z";"2023-03-28T23:59:59.999Z";"2023-03-28T09:31:00.000Z";"2023-03-28T01:05:00.000Z";0.0375030182;0.0442181034;0.0366696522;0.0416427578;69626215.31;499712725.16;"2023-03-28T23:59:59.999Z"
"2023-03-27T00:00:00.000Z";"2023-03-27T23:59:59.999Z";"2023-03-27T21:26:00.000Z";"2023-03-27T17:27:00.000Z";0.0352548511;0.0390757386;0.0330201358;0.0374446226;21963083.24;449335139.24;"2023-03-27T23:59:59.999Z"
"2023-03-26T00:00:00.000Z";"2023-03-26T23:59:59.999Z";"2023-03-26T04:22:00.000Z";"2023-03-26T22:40:00.000Z";0.0347477577;0.0364518702;0.0347178943;0.0352520191;10818895.73;423023917.71;"2023-03-26T23:59:59.999Z"
"2023-03-25T00:00:00.000Z";"2023-03-25T23:59:59.999Z";"2023-03-25T07:17:00.000Z";"2023-03-25T06:11:00.000Z";0.0359882063;0.037702656;0.0338108277;0.0349193509;25728484.9;419031901.64;"2023-03-25T23:59:59.999Z"
"2023-03-24T00:00:00.000Z";"2023-03-24T23:59:59.999Z";"2023-03-24T20:56:00.000Z";"2023-03-24T00:00:00.000Z";0.0317772816;0.0383518745;0.0317772816;0.0359908718;22485086.13;431890143.1;"2023-03-24T23:59:59.999Z"
"2023-03-23T00:00:00.000Z";"2023-03-23T23:59:59.999Z";"2023-03-23T15:19:00.000Z";"2023-03-23T07:50:00.000Z";0.0316419124;0.0327688716;0.0311410288;0.0317770419;33486958.83;381324221.43;"2023-03-23T23:59:59.999Z"
"2023-03-22T00:00:00.000Z";"2023-03-22T23:59:59.999Z";"2023-03-22T14:04:00.000Z";"2023-03-22T00:56:00.000Z";0.0304224827;0.0325939534;0.0302941727;0.0316440491;60453809.73;379728308.81;"2023-03-22T23:59:59.999Z"
"2023-03-21T00:00:00.000Z";"2023-03-21T23:59:59.999Z";"2023-03-21T07:47:00.000Z";"2023-03-21T06:18:00.000Z";0.0299865755;0.033262825;0.0298050534;0.03046435;37259283.04;365571930.92;"2023-03-21T23:59:59.999Z"
"2023-03-20T00:00:00.000Z";"2023-03-20T23:59:59.999Z";"2023-03-20T00:00:00.000Z";"2023-03-20T23:42:00.000Z";0.0309215038;0.0309215038;0.0299658735;0.0300017486;10063627.84;360020718.16;"2023-03-20T23:59:59.999Z"
"2023-03-19T00:00:00.000Z";"2023-03-19T23:59:59.999Z";"2023-03-19T19:53:00.000Z";"2023-03-19T08:29:00.000Z";0.0298672153;0.0317895931;0.0296361989;0.0309123353;19280036.37;370947750.51;"2023-03-19T23:59:59.999Z"
"2023-03-18T00:00:00.000Z";"2023-03-18T23:59:59.999Z";"2023-03-18T01:06:00.000Z";"2023-03-18T17:56:00.000Z";0.0304979797;0.0308340744;0.0296938444;0.0298653334;13475923.38;358383736.12;"2023-03-18T23:59:59.999Z"
"2023-03-17T00:00:00.000Z";"2023-03-17T23:59:59.999Z";"2023-03-17T23:59:00.000Z";"2023-03-17T01:14:00.000Z";0.0289447615;0.0304821633;0.0283979154;0.0304821633;21263316.08;365785690.07;"2023-03-17T23:59:59.999Z"
"2023-03-16T00:00:00.000Z";"2023-03-16T23:59:59.999Z";"2023-03-16T11:56:00.000Z";"2023-03-16T00:04:00.000Z";0.0265606208;0.0296659071;0.0259305111;0.0289358264;13685029.98;347229660.19;"2023-03-16T23:59:59.999Z"
"2023-03-15T00:00:00.000Z";"2023-03-15T23:59:59.999Z";"2023-03-15T06:22:00.000Z";"2023-03-15T23:24:00.000Z";0.0333297771;0.0336548481;0.024184936;0.0266831703;18800003.95;320197807.57;"2023-03-15T23:59:59.999Z"
"2023-03-14T00:00:00.000Z";"2023-03-14T23:59:59.999Z";"2023-03-14T16:08:00.000Z";"2023-03-14T12:32:00.000Z";0.0338370148;0.0343002188;0.03287769;0.0333268202;14026825.14;399921547.12;"2023-03-14T23:59:59.999Z"
"2023-03-13T00:00:00.000Z";"2023-03-13T23:59:59.999Z";"2023-03-13T20:28:00.000Z";"2023-03-13T10:34:00.000Z";0.0330204607;0.0340234081;0.0321446657;0.0338354042;7540745.43;406024550.53;"2023-03-13T23:59:59.999Z"
"2023-03-12T00:00:00.000Z";"2023-03-12T23:59:59.999Z";"2023-03-12T23:58:00.000Z";"2023-03-12T17:05:00.000Z";0.0322241024;0.033017277;0.0308746748;0.0330080165;7623455.56;396095906.19;"2023-03-12T23:59:59.999Z"
"2023-03-11T00:00:00.000Z";"2023-03-11T23:59:59.999Z";"2023-03-11T20:13:00.000Z";"2023-03-11T12:27:00.000Z";0.0317368699;0.0332106491;0.0303198932;0.032227588;15334011.28;386730770.46;"2023-03-11T23:59:59.999Z"
"2023-03-10T00:00:00.000Z";"2023-03-10T23:59:59.999Z";"2023-03-10T00:12:00.000Z";"2023-03-10T11:51:00.000Z";0.032154301;0.0322635885;0.0300344452;0.0317383566;10838905.01;380859998.21;"2023-03-10T23:59:59.999Z"
"2023-03-09T00:00:00.000Z";"2023-03-09T23:59:59.999Z";"2023-03-09T15:28:00.000Z";"2023-03-09T22:01:00.000Z";0.0332902212;0.0337862823;0.0314113062;0.0321542004;10487885.74;385850120.35;"2023-03-09T23:59:59.999Z"
"2023-03-08T00:00:00.000Z";"2023-03-08T23:59:59.999Z";"2023-03-08T00:32:00.000Z";"2023-03-08T23:46:00.000Z";0.035275956;0.0354643972;0.0331206702;0.0332879734;7723619.51;399455386.1;"2023-03-08T23:59:59.999Z"
"2023-03-07T00:00:00.000Z";"2023-03-07T23:59:59.999Z";"2023-03-07T01:42:00.000Z";"2023-03-07T20:25:00.000Z";0.0362896456;0.0366530243;0.0351049083;0.0352755913;5976640.31;423306782.99;"2023-03-07T23:59:59.999Z"
"2023-03-06T00:00:00.000Z";"2023-03-06T23:59:59.999Z";"2023-03-06T05:31:00.000Z";"2023-03-06T21:18:00.000Z";0.0367258741;0.0370681529;0.0362034999;0.0362848365;5937556.01;435417716.74;"2023-03-06T23:59:59.999Z"
"2023-03-05T00:00:00.000Z";"2023-03-05T23:59:59.999Z";"2023-03-05T11:07:00.000Z";"2023-03-05T00:16:00.000Z";0.0364860228;0.0372770774;0.0364481564;0.0367258864;7080550.17;440710312.22;"2023-03-05T23:59:59.999Z"
"2023-03-04T00:00:00.000Z";"2023-03-04T23:59:59.999Z";"2023-03-04T04:40:00.000Z";"2023-03-04T22:22:00.000Z";0.0368241359;0.038087824;0.0358884258;0.0364834149;8982943.29;437800655.45;"2023-03-04T23:59:59.999Z"
"2023-03-03T00:00:00.000Z";"2023-03-03T23:59:59.999Z";"2023-03-03T18:13:00.000Z";"2023-03-03T04:37:00.000Z";0.0373480796;0.0382359504;0.0356018891;0.0368215187;13206497.34;441857898.7;"2023-03-03T23:59:59.999Z"
"2023-03-02T00:00:00.000Z";"2023-03-02T23:59:59.999Z";"2023-03-02T00:37:00.000Z";"2023-03-02T20:10:00.000Z";0.0383583037;0.0383867311;0.0371463551;0.0373491989;8263624.87;448190056.64;"2023-03-02T23:59:59.999Z"
"2023-03-01T00:00:00.000Z";"2023-03-01T23:59:59.999Z";"2023-03-01T21:17:00.000Z";"2023-03-01T22:18:00.000Z";0.0385503055;0.0396684542;0.0379501236;0.0383726565;17144807.62;460471538.57;"2023-03-01T23:59:59.999Z"
"2023-02-28T00:00:00.000Z";"2023-02-28T23:59:59.999Z";"2023-02-28T09:07:00.000Z";"2023-02-28T23:56:00.000Z";0.0393148184;0.0399034447;0.0384215623;0.0385455075;10810430.11;462545748.66;"2023-02-28T23:59:59.999Z"
"2023-02-27T00:00:00.000Z";"2023-02-27T23:59:59.999Z";"2023-02-27T02:57:00.000Z";"2023-02-27T05:27:00.000Z";0.0389560781;0.0402402359;0.0384745114;0.0393174738;10358859.37;471809337.37;"2023-02-27T23:59:59.999Z"
"2023-02-26T00:00:00.000Z";"2023-02-26T23:59:59.999Z";"2023-02-26T00:10:00.000Z";"2023-02-26T03:22:00.000Z";0.0395925755;0.0398005993;0.0382953684;0.0389552968;8795584.45;467463217.06;"2023-02-26T23:59:59.999Z"
"2023-02-25T00:00:00.000Z";"2023-02-25T23:59:59.999Z";"2023-02-25T13:27:00.000Z";"2023-02-25T22:06:00.000Z";0.0397930274;0.0419931948;0.0384450506;0.0395652693;23709967.11;474782880.96;"2023-02-25T23:59:59.999Z"
"2023-02-24T00:00:00.000Z";"2023-02-24T23:59:59.999Z";"2023-02-24T00:00:00.000Z";"2023-02-24T16:39:00.000Z";0.0415812984;0.0415812984;0.0392961295;0.0398387935;13415733.3;478065169.83;"2023-02-24T23:59:59.999Z"
"2023-02-23T00:00:00.000Z";"2023-02-23T23:59:59.999Z";"2023-02-23T02:23:00.000Z";"2023-02-23T22:00:00.000Z";0.0419038346;0.0425252131;0.0410667916;0.041544938;14727871.49;498538888.58;"2023-02-23T23:59:59.999Z"
"2023-02-22T00:00:00.000Z";"2023-02-22T23:59:59.999Z";"2023-02-22T19:10:00.000Z";"2023-02-22T10:31:00.000Z";0.042464013;0.0436555633;0.0409442097;0.0419067872;32754500.37;502881075.28;"2023-02-22T23:59:59.999Z"
"2023-02-21T00:00:00.000Z";"2023-02-21T23:59:59.999Z";"2023-02-21T21:34:00.000Z";"2023-02-21T10:10:00.000Z";0.0411193782;0.0486263358;0.0398599976;0.0424833038;43554206.82;509799269.72;"2023-02-21T23:59:59.999Z"
"2023-02-20T00:00:00.000Z";"2023-02-20T23:59:59.999Z";"2023-02-20T16:56:00.000Z";"2023-02-20T01:01:00.000Z";0.040194398;0.0414160008;0.0400582903;0.0411165128;15290378.33;0;"2023-02-20T23:59:59.999Z"
"2023-02-19T00:00:00.000Z";"2023-02-19T23:59:59.999Z";"2023-02-19T16:44:00.000Z";"2023-02-19T06:33:00.000Z";0.0404210921;0.040537681;0.0400362927;0.0401920598;8740602.03;0;"2023-02-19T23:59:59.999Z"
"2023-02-18T00:00:00.000Z";"2023-02-18T23:59:59.999Z";"2023-02-18T10:13:00.000Z";"2023-02-18T07:55:00.000Z";0.0400760104;0.0405416711;0.0399580442;0.0404157121;9162632.14;0;"2023-02-18T23:59:59.999Z"
"2023-02-17T00:00:00.000Z";"2023-02-17T23:59:59.999Z";"2023-02-17T03:54:00.000Z";"2023-02-17T12:24:00.000Z";0.040312585;0.0404497797;0.0396985452;0.0400728009;12120013.63;0;"2023-02-17T23:59:59.999Z"
"2023-02-16T00:00:00.000Z";"2023-02-16T23:59:59.999Z";"2023-02-16T05:22:00.000Z";"2023-02-16T23:59:00.000Z";0.0428102891;0.0428588948;0.0401877934;0.0401877934;16171647.2;0;"2023-02-16T23:59:59.999Z"
"2023-02-15T00:00:00.000Z";"2023-02-15T23:59:59.999Z";"2023-02-15T20:41:00.000Z";"2023-02-15T05:02:00.000Z";0.0423728582;0.0433105652;0.0412952549;0.042809723;12747574.27;0;"2023-02-15T23:59:59.999Z"
"2023-02-14T00:00:00.000Z";"2023-02-14T23:59:59.999Z";"2023-02-14T23:57:00.000Z";"2023-02-14T02:43:00.000Z";0.0393621731;0.0423477839;0.0392780787;0.0423366475;11689285.48;0;"2023-02-14T23:59:59.999Z"
"2023-02-13T00:00:00.000Z";"2023-02-13T23:59:59.999Z";"2023-02-13T01:11:00.000Z";"2023-02-13T10:48:00.000Z";0.0400174929;0.0402901675;0.0381874277;0.0393408237;10052983.92;0;"2023-02-13T23:59:59.999Z"
"2023-02-12T00:00:00.000Z";"2023-02-12T23:59:59.999Z";"2023-02-12T17:59:00.000Z";"2023-02-12T22:43:00.000Z";0.0408499499;0.0411633447;0.0398563257;0.039994356;9729148.58;0;"2023-02-12T23:59:59.999Z"
"2023-02-11T00:00:00.000Z";"2023-02-11T23:59:59.999Z";"2023-02-11T00:00:00.000Z";"2023-02-11T07:44:00.000Z";0.0413273688;0.0413273688;0.0396638072;0.0408552184;9870994.86;0;"2023-02-11T23:59:59.999Z"
"2023-02-10T00:00:00.000Z";"2023-02-10T23:59:59.999Z";"2023-02-10T23:53:00.000Z";"2023-02-10T06:58:00.000Z";0.0376016599;0.0413768033;0.0374865609;0.0413429552;11436754.8;0;"2023-02-10T23:59:59.999Z"
"2023-02-09T00:00:00.000Z";"2023-02-09T23:59:59.999Z";"2023-02-09T08:56:00.000Z";"2023-02-09T23:56:00.000Z";0.0403343312;0.0407421414;0.0375864451;0.0376066538;12169930.25;0;"2023-02-09T23:59:59.999Z"
"2023-02-08T00:00:00.000Z";"2023-02-08T23:59:59.999Z";"2023-02-08T04:08:00.000Z";"2023-02-08T21:33:00.000Z";0.0402255779;0.0412148803;0.0398356789;0.0403412646;11817233.32;0;"2023-02-08T23:59:59.999Z"
"2023-02-07T00:00:00.000Z";"2023-02-07T23:59:59.999Z";"2023-02-07T23:27:00.000Z";"2023-02-07T00:29:00.000Z";0.0389356266;0.0403214566;0.0388845742;0.0402252127;11042144.64;0;"2023-02-07T23:59:59.999Z"
"2023-02-06T00:00:00.000Z";"2023-02-06T23:59:59.999Z";"2023-02-06T03:17:00.000Z";"2023-02-06T23:54:00.000Z";0.0390438501;0.0401215609;0.0389083035;0.038915781;9764749.17;0;"2023-02-06T23:59:59.999Z"
"2023-02-05T00:00:00.000Z";"2023-02-05T23:59:59.999Z";"2023-02-05T06:00:00.000Z";"2023-02-05T22:43:00.000Z";0.0407596206;0.0415053569;0.0389420146;0.0390430026;11268798.55;0;"2023-02-05T23:59:59.999Z"
"2023-02-04T00:00:00.000Z";"2023-02-04T23:59:59.999Z";"2023-02-04T13:44:00.000Z";"2023-02-04T06:16:00.000Z";0.0407458015;0.0410657972;0.0403068336;0.0407644084;10285353.81;0;"2023-02-04T23:59:59.999Z"
"2023-02-03T00:00:00.000Z";"2023-02-03T23:59:59.999Z";"2023-02-03T00:30:00.000Z";"2023-02-03T22:14:00.000Z";0.0419524757;0.0420043513;0.0407033328;0.0407605083;12719665.76;0;"2023-02-03T23:59:59.999Z"
"2023-02-02T00:00:00.000Z";"2023-02-02T23:59:59.999Z";"2023-02-02T01:28:00.000Z";"2023-02-02T23:59:00.000Z";0.0434474269;0.0437857652;0.0419513985;0.0419513985;13989308.42;0;"2023-02-02T23:59:59.999Z"
"2023-02-01T00:00:00.000Z";"2023-02-01T23:59:59.999Z";"2023-02-01T00:00:00.000Z";"2023-02-01T17:52:00.000Z";0.0451054967;0.0451054967;0.0414788911;0.0434471964;15641538.9;0;"2023-02-01T23:59:59.999Z"
"2023-01-31T00:00:00.000Z";"2023-01-31T23:59:59.999Z";"2023-01-31T23:40:00.000Z";"2023-01-31T04:39:00.000Z";0.0439209355;0.0452044339;0.0429480083;0.0450988063;21562352.24;0;"2023-01-31T23:59:59.999Z"
"2023-01-30T00:00:00.000Z";"2023-01-30T23:59:59.999Z";"2023-01-30T04:13:00.000Z";"2023-01-30T22:52:00.000Z";0.0459164052;0.0496999782;0.0430471813;0.0438781346;34838289.62;0;"2023-01-30T23:59:59.999Z"
"2023-01-29T00:00:00.000Z";"2023-01-29T23:59:59.999Z";"2023-01-29T22:08:00.000Z";"2023-01-29T05:06:00.000Z";0.045150113;0.0476803889;0.0422018791;0.0459238668;40655243.6;0;"2023-01-29T23:59:59.999Z"
"2023-01-28T00:00:00.000Z";"2023-01-28T23:59:59.999Z";"2023-01-28T22:25:00.000Z";"2023-01-28T05:14:00.000Z";0.0386899247;0.0471233944;0.0380253259;0.0451353628;40387810.99;0;"2023-01-28T23:59:59.999Z"
"2023-01-27T00:00:00.000Z";"2023-01-27T23:59:59.999Z";"2023-01-27T23:37:00.000Z";"2023-01-27T02:39:00.000Z";0.0360437065;0.0387765065;0.0355182647;0.0386869092;16032681.09;0;"2023-01-27T23:59:59.999Z"
"2023-01-26T00:00:00.000Z";"2023-01-26T23:59:59.999Z";"2023-01-26T11:52:00.000Z";"2023-01-26T23:59:00.000Z";0.0361525926;0.0393158706;0.0360679723;0.0360679723;17079298.36;0;"2023-01-26T23:59:59.999Z"
"2023-01-25T00:00:00.000Z";"2023-01-25T23:59:59.999Z";"2023-01-25T23:47:00.000Z";"2023-01-25T12:21:00.000Z";0.0358653675;0.0361885715;0.0348631935;0.0361517201;14390335.18;0;"2023-01-25T23:59:59.999Z"
"2023-01-24T00:00:00.000Z";"2023-01-24T23:59:59.999Z";"2023-01-24T01:04:00.000Z";"2023-01-24T23:31:00.000Z";0.0393283133;0.0394292679;0.0355127834;0.0358733443;15080449.22;0;"2023-01-24T23:59:59.999Z"
"2023-01-23T00:00:00.000Z";"2023-01-23T23:59:59.999Z";"2023-01-23T02:53:00.000Z";"2023-01-23T23:49:00.000Z";0.0401157846;0.040453814;0.039269839;0.0393276795;12221229.43;0;"2023-01-23T23:59:59.999Z"
"2023-01-22T00:00:00.000Z";"2023-01-22T23:59:59.999Z";"2023-01-22T00:28:00.000Z";"2023-01-22T22:28:00.000Z";0.0406313197;0.0408204828;0.0396691585;0.0401164846;12214315.92;0;"2023-01-22T23:59:59.999Z"
"2023-01-21T00:00:00.000Z";"2023-01-21T23:59:59.999Z";"2023-01-21T20:20:00.000Z";"2023-01-21T12:01:00.000Z";0.0404742311;0.04080353;0.0402256109;0.0406411388;14135071.02;0;"2023-01-21T23:59:59.999Z"
"2023-01-20T00:00:00.000Z";"2023-01-20T23:59:59.999Z";"2023-01-20T21:37:00.000Z";"2023-01-20T10:44:00.000Z";0.0406267372;0.0407090265;0.0392412312;0.0404758593;16187369.93;0;"2023-01-20T23:59:59.999Z"
"2023-01-19T00:00:00.000Z";"2023-01-19T23:59:59.999Z";"2023-01-19T19:27:00.000Z";"2023-01-19T13:10:00.000Z";0.0403350592;0.0410957629;0.0394370291;0.0406265816;14891617.25;0;"2023-01-19T23:59:59.999Z"
"2023-01-18T00:00:00.000Z";"2023-01-18T23:59:59.999Z";"2023-01-18T00:02:00.000Z";"2023-01-18T16:55:00.000Z";0.042257662;0.0422685846;0.0389945242;0.0403449606;15323300.77;0;"2023-01-18T23:59:59.999Z"
"2023-01-17T00:00:00.000Z";"2023-01-17T23:59:59.999Z";"2023-01-17T00:04:00.000Z";"2023-01-17T17:58:00.000Z";0.0434122765;0.0434834055;0.0421368738;0.0422582856;15056023.14;0;"2023-01-17T23:59:59.999Z"
"2023-01-16T00:00:00.000Z";"2023-01-16T23:59:59.999Z";"2023-01-16T05:40:00.000Z";"2023-01-16T15:16:00.000Z";0.0432388658;0.0445701616;0.0427616736;0.0434101242;18482486.5;0;"2023-01-16T23:59:59.999Z"
"2023-01-15T00:00:00.000Z";"2023-01-15T23:59:59.999Z";"2023-01-15T00:10:00.000Z";"2023-01-15T09:53:00.000Z";0.0434869495;0.0435507781;0.0424999537;0.0432437943;19263697.1;0;"2023-01-15T23:59:59.999Z"
"2023-01-14T00:00:00.000Z";"2023-01-14T23:59:59.999Z";"2023-01-14T03:22:00.000Z";"2023-01-14T10:32:00.000Z";0.042746354;0.0475888019;0.0421166616;0.0434905632;35240011.26;0;"2023-01-14T23:59:59.999Z"
"2023-01-13T00:00:00.000Z";"2023-01-13T23:59:59.999Z";"2023-01-13T00:55:00.000Z";"2023-01-13T13:16:00.000Z";0.044012929;0.0443321767;0.0415768203;0.0427680981;36756916.89;0;"2023-01-13T23:59:59.999Z"
"2023-01-12T00:00:00.000Z";"2023-01-12T23:59:59.999Z";"2023-01-12T00:12:00.000Z";"2023-01-12T15:24:00.000Z";0.0455930852;0.045870662;0.0421173782;0.0440109158;48758049.98;0;"2023-01-12T23:59:59.999Z"
"2023-01-11T00:00:00.000Z";"2023-01-11T23:59:59.999Z";"2023-01-11T16:15:00.000Z";"2023-01-11T05:05:00.000Z";0.0412970409;0.0518410635;0.0394349674;0.0455970979;106585945.24;0;"2023-01-11T23:59:59.999Z"
"2023-01-10T00:00:00.000Z";"2023-01-10T23:59:59.999Z";"2023-01-10T03:50:00.000Z";"2023-01-10T04:24:00.000Z";0.0797;0.0797;0.0227;0.0412546759;73082088.49;0;"2023-01-10T23:59:59.999Z"