date,time_low,low,time_high,high,open,close,volume,market_cap
2023-09-10,19:43:00,3.0698112253,00:00:00,3.2656972183,3.2656972183,3.0975097335,19960955.98,1374448594.5
2023-09-09,14:29:00,3.2586784132,04:33:00,3.3037247965,3.2958813139,3.2655317581,8746541.03,1448975999.49
2023-09-08,17:13:00,3.2717746079,00:59:00,3.3818111846,3.364470053,3.2956995126,13381980.08,1461170711.73
2023-09-07,14:07:00,3.3089757738,00:11:00,3.3860287309,3.3656068694,3.363211384,13829687.29,1490994343.47
2023-09-06,17:07:00,3.2653279599,23:59:00,3.365045704,3.2938150132,3.365045704,17948511.52,1491802334.31
2023-09-05,06:59:00,3.2595220976,15:19:00,3.3188363565,3.2653036339,3.2936174932,14713775.66,1460111254.24
2023-09-04,15:16:00,3.2121514126,03:21:00,3.3369516326,3.2557439845,3.2647079175,15391864.88,1443812715.94
2023-09-03,16:55:00,3.2086206555,07:02:00,3.2787325133,3.2565931898,3.255831208,11483828.4,1439754260.27
2023-09-02,18:33:00,3.2158801505,10:37:00,3.2748698743,3.2382663369,3.2568512028,10460952.71,1440199498.82
2023-09-01,17:16:00,3.1997399025,11:49:00,3.3704290966,3.3408774035,3.238256895,16544501.59,1431975614.27
2023-08-31,17:05:00,3.316972659,11:49:00,3.4930664348,3.4913071286,3.3410155247,25245370.54,1477399600.89
2023-08-30,15:07:00,3.4651984845,00:03:00,3.649848939,3.6486914362,3.4914090118,22612650.98,1543555368.86
2023-08-29,10:40:00,3.4216128902,16:55:00,3.7356830181,3.4862004716,3.6488025773,33126956.52,1613131479.98
2023-08-28,11:53:00,3.4373192588,17:52:00,3.5049309378,3.4879970153,3.4862184209,14508346.56,1541249613.71
2023-08-27,21:58:00,3.4765134553,09:16:00,3.6458529241,3.5516362783,3.4882488619,16157653.22,1542118137.58
2023-08-26,06:17:00,3.4988993967,22:23:00,3.5670847195,3.5100378644,3.5514654797,9139449.18,1570059571.49
2023-08-25,16:10:00,3.4673176869,00:06:00,3.600627224,3.6003915172,3.5101149612,16614482.5,1551766082.28
2023-08-24,16:02:00,3.5191692069,21:55:00,3.6948410612,3.6013037551,3.6006961597,22416063.45,1590369215.92
2023-08-23,13:17:00,3.3735199493,22:40:00,3.6291638918,3.4234967977,3.6012318285,29967206.21,1590603243.35
2023-08-22,21:29:00,3.277027878,09:49:00,3.5212769974,3.4898187709,3.4236996024,20764911.78,1512180490.59
2023-08-21,16:03:00,3.4479211967,01:09:00,3.6014526417,3.5843138205,3.4903316873,15289959.66,1541599374.14
2023-08-20,15:12:00,3.5257811283,20:46:00,3.6009669314,3.5576966811,3.5843796191,11966751.62,1583094053.19
2023-08-19,07:15:00,3.4744173799,17:07:00,3.5625222006,3.504771268,3.5574040643,12318995.79,1571114902.5
2023-08-18,01:17:00,3.3947605214,11:54:00,3.5290905429,3.4122250428,3.5047795244,23931109.02,1547786818.23
2023-08-17,21:46:00,3.2424055122,09:41:00,3.8161274789,3.6990460549,3.4118815188,44193735.09,1506750474.55
2023-08-16,21:16:00,3.6024645227,01:50:00,3.8465076559,3.8286799465,3.6989233008,26052097.51,1633273930.31
2023-08-15,19:10:00,3.6118424883,02:47:00,4.0764017055,4.0544713638,3.8285835168,30438964.62,1690514974.24
2023-08-14,02:22:00,4.0200653932,11:34:00,4.1215801437,4.0315089904,4.0543457434,22015362.03,1790183895.25
2023-08-13,23:19:00,4.0291224721,07:31:00,4.0837919241,4.0469634875,4.0311826608,13922792.58,1777591511.0
2023-08-12,19:56:00,4.0221884053,23:31:00,4.0584423209,4.0293147526,4.0467464541,11304625.71,1784452871.72
2023-08-11,02:52:00,4.0053851274,07:02:00,4.0446827209,4.0247109939,4.0290151517,12497906.91,1776630772.29
2023-08-10,15:17:00,4.0142331245,02:33:00,4.1011836714,4.0801533588,4.0246153163,18309216.46,1774681220.27
2023-08-09,21:17:00,4.0448455143,13:02:00,4.1371061372,4.1081060872,4.0804770001,18499078.66,1799286288.47
2023-08-08,02:15:00,4.0562797285,18:26:00,4.166362874,4.0946421522,4.1080407748,21926106.92,1811437684.34
2023-08-07,16:19:00,4.0250653202,01:34:00,4.1620303499,4.1177715981,4.0948065375,21039563.66,1805407804.97
2023-08-06,02:01:00,4.0113050293,22:19:00,4.1275448337,4.0150229463,4.117515112,13945330.46,1815081240.78
2023-08-05,21:09:00,4.0078091241,11:16:00,4.0406975859,4.0304531917,4.0148733809,11025532.8,1769816458.13
2023-08-04,20:52:00,3.9782957528,13:53:00,4.071303798,4.0374849587,4.0303861037,13969481.61,1776641406.07
2023-08-03,22:21:00,4.0210209835,02:04:00,4.1602471859,4.1379278892,4.0376180905,14755968.8,1773901057.98
2023-08-02,14:47:00,4.1143779754,01:35:00,4.2760044302,4.2443426562,4.1379500301,17965881.59,1817989026.48
2023-08-01,06:52:00,4.1112398752,23:59:00,4.2444995329,4.2109073329,4.2444995329,21092955.5,1864527136.83
2023-07-31,21:48:00,4.1781470599,00:54:00,4.2873084854,4.2710845113,4.2104854905,16527138.68,1849451405.91
2023-07-30,20:04:00,4.2160724179,02:40:00,4.3643162154,4.3343287335,4.2712589664,15482375.28,1876130595.37
2023-07-29,11:07:00,4.2839723564,00:51:00,4.381571322,4.3139232277,4.3342092632,12607179.74,1903752983.18
2023-07-28,05:46:00,4.1967554291,17:19:00,4.3535777748,4.2203668239,4.3141492443,27698249.8,1894927100.04
2023-07-27,18:41:00,4.0652566441,23:49:00,4.2298589981,4.0871062599,4.2210034459,22474574.25,1854009854.97
2023-07-26,01:37:00,3.9900565541,21:22:00,4.1224235781,4.0186724364,4.0862275587,16560032.67,1794700295.91
2023-07-25,01:16:00,3.9832393553,18:41:00,4.0727128028,4.0123230438,4.0186937264,14822917.0,1765029295.49
2023-07-24,20:48:00,3.9540368171,00:18:00,4.2205714866,4.2126004216,4.0121156926,24235665.18,1762134435.88
2023-07-23,00:00:00,4.1261760419,04:17:00,4.3234513265,4.1261760419,4.2129081946,28673500.45,1850159635.1
2023-07-22,00:04:00,4.0646400767,22:59:00,4.1663585312,4.064953377,4.1241113212,13466799.73,1811113915.22
2023-07-21,00:41:00,4.0238060418,07:04:00,4.1275001442,4.0442040232,4.0648484167,14299114.22,1785076092.4
2023-07-20,20:37:00,4.0099595336,07:22:00,4.1195732642,4.0643808336,4.0440959044,20473555.62,1775942743.26
2023-07-19,14:49:00,4.0425205906,04:11:00,4.1443284723,4.0729799059,4.0642652045,17053784.1,1784316390.83
2023-07-18,12:22:00,3.9709192607,02:09:00,4.1156672278,4.1004613867,4.0729838994,19204880.73,1787939801.11
2023-07-17,10:26:00,4.0103336913,06:34:00,4.154766201,4.0868067134,4.10073765,20509226.86,1800031345.08
2023-07-16,20:28:00,4.0737872516,00:11:00,4.2212098638,4.2050574897,4.0864419923,13512864.81,1793745088.89
2023-07-15,16:37:00,4.1469791879,10:22:00,4.2815687558,4.2526140878,4.205571992,13364735.02,1846033276.69
2023-07-14,20:35:00,4.1339132121,16:07:00,4.5056098677,4.3829893746,4.2532677451,31494057.37,1864491721.68
2023-07-13,05:11:00,4.1030699187,17:42:00,4.3904499799,4.1257505521,4.3832707163,27847498.65,1921482267.66
2023-07-12,19:44:00,4.0639271108,08:22:00,4.2208808202,4.1166002962,4.1260804498,15089436.65,1806349648.16
2023-07-11,00:52:00,4.0469830181,10:50:00,4.1666026965,4.0784704641,4.1166082893,11587527.54,1802166214.72
2023-07-10,00:25:00,3.943109068,20:04:00,4.1739157483,4.0328573318,4.0786509421,14670505.18,1785546955.66
2023-07-09,22:16:00,4.0193575054,01:14:00,4.096442291,4.0522666523,4.0328315315,7166726.23,1765339108.28
2023-07-08,20:13:00,3.9799627397,01:31:00,4.1497876289,4.1038712601,4.0525374733,10160454.63,1773890950.04
2023-07-07,00:32:00,4.0223625932,14:04:00,4.1284867275,4.0608716997,4.1038534736,10067179.44,1796303468.44
2023-07-06,23:43:00,4.0577540222,09:13:00,4.3923406732,4.2455698456,4.0623143249,14067767.22,1778093947.7
2023-07-05,15:40:00,4.1971938458,07:53:00,4.4421085376,4.3501305733,4.2457799156,14294510.14,1858393479.63
2023-07-04,19:40:00,4.3307067845,06:35:00,4.5090819161,4.4684039555,4.3500807088,12970059.62,1904012192.95
2023-07-03,00:43:00,4.1614248284,16:13:00,4.5576449945,4.1976398483,4.4682862431,33147982.36,1955720215.61
2023-07-02,04:08:00,4.1057165436,00:05:00,4.2228739975,4.2177271553,4.1976862797,11891983.7,1837200586.59
2023-07-01,00:16:00,4.0943819733,14:31:00,4.2252763255,4.0952018478,4.2164381593,12582217.62,1845397435.83
2023-06-30,13:49:00,3.8721901617,12:08:00,4.2464676602,4.0459169259,4.0950845782,25462605.22,1792089149.03
2023-06-29,18:25:00,4.0018691515,10:37:00,4.124750269,4.0468289991,4.0459368956,11805895.84,1770555536.65
2023-06-28,19:43:00,3.9900937228,00:01:00,4.3343414228,4.3329363419,4.0472325482,15339654.67,1770888540.03
2023-06-27,00:00:00,4.2525540362,14:10:00,4.399430929,4.2525540362,4.3319350075,11212267.29,1895452976.9
2023-06-26,22:08:00,4.1730740933,14:28:00,4.3629211844,4.3297582564,4.2520454489,15030970.08,1860481953.94
2023-06-25,00:33:00,4.2432760785,16:49:00,4.4580171494,4.2658256433,4.3294841284,15915007.86,1893792490.9
2023-06-24,16:05:00,4.1948062415,04:46:00,4.396206863,4.330748959,4.265712713,12074673.0,1865822725.12
2023-06-23,00:01:00,4.140773115,21:10:00,4.4063813028,4.1408707769,4.3307131984,17219426.23,1894245018.05
2023-06-22,23:07:00,4.1370115764,03:16:00,4.3310586241,4.2041998786,4.1405527537,22206757.85,1811067754.54
2023-06-21,13:01:00,4.1072480511,16:37:00,4.2877548916,4.1795208652,4.2042143955,20907513.02,1838878359.5
2023-06-20,14:23:00,3.9024341565,20:25:00,4.2051942339,3.94780477,4.1796401426,20239521.38,1828107676.0
2023-06-19,15:14:00,3.869453906,00:19:00,3.9905468755,3.9571929582,3.9478496915,11565198.03,1726704448.39
2023-06-18,20:28:00,3.9470203586,17:09:00,4.0625019077,3.9818740219,3.9571058352,11445258.71,1730708607.34
2023-06-17,00:33:00,3.9333183173,06:41:00,4.0521850295,3.9939323842,3.9825597398,12287494.59,1741819719.85
2023-06-16,14:49:00,3.9044337927,20:04:00,4.0613813756,3.9589207356,3.9936638225,16666123.3,1745569762.77
2023-06-15,07:13:00,3.7015963153,20:12:00,3.9979891871,3.7908605578,3.9587869046,25609249.87,1730320564.97
2023-06-14,22:51:00,3.7727125741,16:51:00,3.9997454132,3.9624393364,3.7907691603,20073400.38,1656771711.46
2023-06-13,00:11:00,3.7196603864,18:30:00,4.0292091889,3.7245598153,3.9624393364,29915075.84,1729709103.87
2023-06-12,08:03:00,3.5875119536,22:13:00,3.7503054984,3.6563188029,3.7244286682,16595544.54,1625807875.48
2023-06-11,22:46:00,3.6397230719,20:25:00,3.7627351154,3.6986235945,3.6568729944,15764571.18,1596295950.34
2023-06-10,04:28:00,3.3689348184,00:04:00,4.2721857396,4.2667295986,3.6995768793,52383196.71,1614932071.25
2023-06-09,03:27:00,4.1282066402,14:23:00,4.3396387125,4.1776488993,4.2662242124,18136644.01,1862279453.14
2023-06-08,06:16:00,4.1317164164,14:37:00,4.2252659869,4.1934770039,4.1772537218,14511940.99,1823420170.24
2023-06-07,22:00:00,4.1353475472,00:00:00,4.4259788021,4.4259788021,4.1928236054,20239578.75,1830161990.96
2023-06-06,13:21:00,4.2252186355,20:03:00,4.4648567318,4.3463302352,4.4265139249,24740380.99,1932140131.62
2023-06-05,16:07:00,4.1458767789,00:01:00,4.7985070444,4.7954265112,4.3466046674,36253829.31,1897219825.57
2023-06-04,01:08:00,4.7713539718,21:11:00,4.8667186603,4.7992168208,4.7934203327,11550327.51,2092230845.02
2023-06-03,02:03:00,4.7641074094,16:41:00,4.8539882537,4.8116627806,4.7988304973,11982730.11,2094576158.38
2023-06-02,00:40:00,4.645463556,09:27:00,4.8666498582,4.6693770095,4.8122004517,18316888.64,2100177788.89
2023-06-01,03:07:00,4.562588419,19:07:00,4.7285274861,4.6815028006,4.6689617112,17666779.42,2037633390.89
2023-05-31,16:55:00,4.634138136,00:46:00,4.8393346384,4.8359021633,4.6814388356,25745554.57,2042929391.97
2023-05-30,15:33:00,4.8172826637,03:55:00,4.9518476941,4.8781254061,4.8358748863,21695654.44,2110317879.3
2023-05-29,22:33:00,4.8450485388,00:22:00,5.0174019085,5.0043738821,4.8777688021,19003339.95,2128560248.33
2023-05-28,09:59:00,4.8790340631,23:16:00,5.0483471444,4.9144763819,5.0061108667,20452877.29,2184504411.55
2023-05-27,00:36:00,4.8114276852,10:17:00,4.964413317,4.8316725823,4.9148567402,18646542.61,2144676562.99
2023-05-26,05:54:00,4.7506796451,14:53:00,4.9219492127,4.8210691692,4.8312050314,18203798.8,2108120612.03
2023-05-25,01:31:00,4.7305839849,12:25:00,4.8806759464,4.8258146238,4.8208487784,15844868.38,2103598463.46
2023-05-24,19:03:00,4.7710708266,00:01:00,5.0422472373,5.0417155067,4.8262606585,19988414.72,2105953262.4
2023-05-23,22:02:00,5.0228670572,04:10:00,5.2009410054,5.0792498248,5.0409822301,14691575.14,2199581659.32
2023-05-22,01:17:00,4.9895763516,17:58:00,5.1416951723,5.0552996809,5.0789072501,16720243.91,2216030998.82
2023-05-21,21:26:00,5.01046961,01:02:00,5.2304897775,5.2273174398,5.0545787352,14659800.92,2205367012.94
2023-05-20,21:25:00,5.1872311273,00:01:00,5.3149575732,5.3135490177,5.227340091,11082264.83,2280719943.61
2023-05-19,02:05:00,5.2233174287,08:45:00,5.3580955932,5.2731942559,5.3131242558,15559458.19,2318049719.29
2023-05-18,18:19:00,5.148608296,03:26:00,5.4171433293,5.3753754503,5.2751606045,17752437.87,2301481949.87
2023-05-17,14:39:00,5.1340931351,19:22:00,5.4049206126,5.2309203813,5.3753758185,18825030.21,2345202372.5
2023-05-16,01:39:00,5.1786113326,16:13:00,5.2874589002,5.249067538,5.2316792008,17928671.77,2282492080.01
2023-05-15,00:56:00,5.128385206,08:39:00,5.3833420608,5.1909573116,5.2499479065,22753758.56,2290451212.66
2023-05-14,01:21:00,5.0880632194,15:59:00,5.2895794624,5.1495030431,5.1905572406,19173807.31,2262840992.78
2023-05-13,16:26:00,5.1041778084,00:02:00,5.2299784182,5.2280272815,5.1488335396,17385848.4,2244635739.5
2023-05-12,03:16:00,4.9503460104,23:47:00,5.2314844778,5.0131857028,5.2278140704,27459874.27,2279055419.51
2023-05-11,17:47:00,4.9267084018,00:00:00,5.301729847,5.301729847,5.0125489497,38644616.37,2185087241.47
2023-05-10,17:22:00,5.1040339525,13:04:00,5.4683956662,5.28792589,5.3036997736,40675552.04,2311980598.68
2023-05-09,06:21:00,5.1708500741,01:40:00,5.3517185346,5.3401323823,5.28749566,25411776.24,2304830973.59
2023-05-08,19:59:00,5.1850869677,15:05:00,5.6316899251,5.5493637255,5.3402216964,46916919.29,2327798961.33
2023-05-07,23:56:00,5.5448096476,14:57:00,5.7086600519,5.5983922482,5.5508784585,22170191.29,2419489248.94
2023-05-06,21:48:00,5.5498348621,00:40:00,5.9740576424,5.9471065373,5.5980305811,38076009.5,2439981765.9
2023-05-05,13:04:00,5.8199949908,02:10:00,6.057218284,5.906329632,5.9474669752,39763167.8,2592247374.72
2023-05-04,03:42:00,5.8062909879,11:37:00,6.1793494661,5.9290015173,5.9046450689,46521279.96,2573523735.03
2023-05-03,12:55:00,5.5630389844,23:02:00,5.9366347532,5.7358589133,5.9275376809,43635365.35,2583442606.24
2023-05-02,09:36:00,5.6297716406,14:34:00,5.8190070939,5.7675258795,5.7381733745,40613085.97,2500321570.15
2023-05-01,19:20:00,5.6459832548,00:45:00,6.4769174279,6.4295521391,5.7665516301,79645166.89,2512361916.47
2023-04-30,14:04:00,6.2435048793,17:47:00,6.6591983157,6.503190565,6.432433477,67949645.11,2802422331.47
2023-04-29,00:08:00,6.0291970224,16:20:00,6.7900153498,6.0489015913,6.5035642617,113159612.57,2833231306.27
2023-04-28,03:37:00,5.6823775983,08:29:00,6.1405313593,5.7432973415,6.0491918809,85636056.6,2635280752.53
2023-04-27,00:06:00,5.2972437486,22:35:00,5.7752156823,5.3114814768,5.7434103524,42619537.58,2501991759.15
2023-04-26,20:04:00,5.091255887,17:01:00,5.7068150712,5.4873755856,5.3108679542,48752929.58,2313558730.56
2023-04-25,08:25:00,5.184414251,22:07:00,5.52978351,5.376857689,5.486451038,31752602.06,2390029462.17
2023-04-24,08:52:00,5.2702467793,01:22:00,5.5707176629,5.4218619717,5.3775992773,25409121.12,2341777271.11
2023-04-23,18:52:00,5.2641180734,00:00:00,5.6159154064,5.6159154064,5.4235289119,26745400.05,2353615862.56
2023-04-22,10:22:00,5.4064081105,23:47:00,5.6207368106,5.5371229971,5.6153203387,26800634.69,2436822692.65
2023-04-21,21:01:00,5.408903626,00:52:00,5.9246525427,5.8787934689,5.5366526317,51582125.68,2402671441.42
2023-04-20,19:31:00,5.8365065947,08:32:00,6.3703628816,6.118890599,5.8790617655,57057658.71,2551216008.0
2023-04-19,23:23:00,6.0382493251,01:17:00,7.194474686,6.809658276,6.119871219,121903531.48,2655683668.37
2023-04-18,01:29:00,6.1475164503,12:13:00,6.9712258931,6.2471693693,6.8107043017,119002307.45,2955398507.43
2023-04-17,04:34:00,5.8653944115,23:20:00,6.2754450622,6.0788769034,6.2468177502,70349918.58,1891520113.14
2023-04-16,12:01:00,5.7751088519,18:43:00,6.1737615422,5.8915754157,6.0786315324,56741792.17,1840586035.59
2023-04-15,01:31:00,5.3998449974,23:43:00,5.9404867406,5.5088022366,5.8921398007,51063262.73,1783742992.63
2023-04-14,16:52:00,5.3501215532,01:21:00,5.6521148797,5.4746726696,5.5087437646,45786351.37,1665664785.27
2023-04-13,07:03:00,5.2779477603,19:01:00,5.4988638094,5.4044251326,5.4753536391,34690809.3,1655363444.5
2023-04-12,03:45:00,5.1421419095,21:31:00,5.4604683162,5.3358154718,5.3178430159,46500857.0,1607736507.56
2023-04-11,14:47:00,5.1500218653,23:55:00,5.3398314018,5.1883580102,5.3362530368,36102502.94,1613295841.61
2023-04-10,14:04:00,4.9651474321,22:04:00,5.2380923397,5.02284709,5.1871938446,33289390.95,1568192205.02
2023-04-09,07:07:00,4.856622602,22:36:00,5.0814227146,4.9150326552,5.0227494075,22132155.88,1499593762.49
2023-04-08,22:34:00,4.8673945399,06:44:00,5.0261957003,4.9924767482,4.9150825303,18467891.19,1467343203.3
2023-04-07,12:40:00,4.8164072394,16:13:00,5.0771691809,4.8867725125,4.9930040904,30926641.27,1490414420.31
2023-04-06,10:40:00,4.857171969,00:00:00,5.0182549893,5.0182549893,4.887198262,26542763.46,1458793557.35
2023-04-05,15:09:00,4.9478871448,06:23:00,5.1327507028,4.9933687251,5.0176437035,32661747.14,1497724879.96
2023-04-04,05:04:00,4.91108006,11:23:00,5.0355561603,4.9294085963,4.9932200078,28743506.69,1489003815.98
2023-04-03,21:04:00,4.8166257514,09:19:00,5.0827847099,5.0737982001,4.929651092,39557110.45,1469889029.38
2023-04-02,15:19:00,4.9955462155,09:50:00,5.2930094463,5.2433897076,5.0738605228,28967989.29,1512865640.76
2023-04-01,12:13:00,5.1030350374,22:23:00,5.2845328203,5.1960943518,5.2086210856,24310208.73,1552694859.86
2023-03-31,00:25:00,5.0021045369,15:15:00,5.2932784171,5.0187560129,5.196224965,32504728.53,1548994288.87
2023-03-30,18:12:00,4.9242649756,02:46:00,5.18991766,5.148723623,5.016856919,31293252.66,1495376505.3
2023-03-29,00:01:00,4.8361913614,20:43:00,5.1840080169,4.8374908595,5.1490655283,34532868.01,1534742211.28
2023-03-28,03:37:00,4.682868794,20:01:00,4.8627348278,4.7644514574,4.8374115556,22106065.73,1441797008.34
2023-03-27,15:13:00,4.6634477628,00:31:00,4.994878827,4.9948020387,4.765510078,29433108.02,1420314801.98
2023-03-26,00:33:00,4.8768909312,14:01:00,5.0250337899,4.8966237441,4.9954339745,18613520.5,1488755282.05
2023-03-25,20:04:00,4.7974341127,07:43:00,4.9909446184,4.9533483902,4.8965597711,21242110.25,1459229361.9
2023-03-24,21:37:00,4.8709820773,07:28:00,5.2460783589,5.2069940677,4.9539495136,31410091.05,1476299179.03
2023-03-23,02:02:00,5.0030876563,17:07:00,5.2569281146,5.0951030752,5.2074258406,29006541.41,1551827919.83
2023-03-22,19:55:00,4.8745676644,05:28:00,5.2959096562,5.277393271,5.0951640059,53043576.36,1518366355.95
2023-03-21,08:26:00,5.0282040746,13:37:00,5.2884984421,5.1143953894,5.2782924461,39304772.32,1571602089.01
2023-03-20,19:25:00,5.0708369186,02:10:00,5.535635124,5.4276240096,5.1148057001,49317577.31,1516076263.59
2023-03-19,07:13:00,5.3318403457,19:35:00,5.6205479857,5.3319568114,5.4287872424,37517221.9,1609125136.24
2023-03-18,23:48:00,5.3073665194,01:11:00,5.7566192331,5.6496042916,5.3311302914,48485968.98,1580135011.85
2023-03-17,01:11:00,5.1361844765,23:37:00,5.6578676646,5.1838881525,5.6494868158,48982688.93,1674488129.25
2023-03-16,13:22:00,5.077231249,09:47:00,5.2598342833,5.1826273053,5.1848523249,39679663.5,1536696615.0
2023-03-15,16:58:00,4.9898289307,05:16:00,5.6895728774,5.541390845,5.1817755565,62951745.9,1535779456.25
2023-03-14,09:33:00,5.2487633355,16:13:00,5.7743995251,5.3710224471,5.5400108361,76990439.69,1640214318.23
2023-03-13,12:50:00,5.0065363916,22:16:00,5.4537470483,5.2530999217,5.3688767714,71764166.55,1589074713.08
2023-03-12,02:31:00,4.6757665063,23:47:00,5.2709597625,4.7491971485,5.2509572255,41666811.6,1553994757.93
2023-03-11,11:40:00,4.5722679977,02:08:00,5.0382204188,4.9294303089,4.7491913837,46734813.35,1405476972.46
2023-03-10,10:43:00,4.5725645234,20:13:00,4.9711591447,4.7702871901,4.9294197862,51363958.03,1458807009.47
2023-03-09,22:01:00,4.6688038525,14:52:00,5.2493661275,5.0569962939,4.7688184657,50408504.02,1393576987.99
2023-03-08,22:52:00,5.0043154815,01:37:00,5.356786344,5.3342272862,5.0573079789,38260133.73,1477750503.8
2023-03-07,15:12:00,5.1890402786,03:07:00,5.4173485647,5.326020317,5.3342795812,38631510.81,1558661555.13
2023-03-06,02:22:00,5.2541757103,16:13:00,5.5217148499,5.3471938033,5.3253836006,33839039.33,1555997060.41
2023-03-05,23:24:00,5.3061467901,02:02:00,5.5374658747,5.3832839291,5.3477658192,25713220.01,1562483152.33
2023-03-04,21:47:00,5.2336838385,00:45:00,5.6111905196,5.5847681235,5.382496846,26852221.65,1572611998.93
2023-03-03,01:58:00,5.2983850893,00:04:00,5.9310762062,5.924377237,5.584551646,52097242.15,1631362843.93
2023-03-02,18:10:00,5.7796065399,00:24:00,6.1877832252,6.1837366847,5.9237569813,35899738.3,1728468790.11
2023-03-01,00:58:00,5.758415634,09:07:00,6.2006453574,5.7916420014,6.1840946199,48550165.47,1801646654.0
2023-02-28,21:50:00,5.7736499809,00:06:00,6.138155855,6.130773471,5.7915923985,39268349.82,1687280489.86
2023-02-27,20:43:00,6.007654452,15:16:00,6.4895666449,6.2401620929,6.1307745061,51560162.09,1785895061.01
2023-02-26,08:29:00,6.035016016,20:36:00,6.3101208278,6.1155737344,6.2404281662,36189717.98,1817824343.47
2023-02-25,20:49:00,5.9060023359,08:10:00,6.3495016786,6.2887512737,6.1163000926,41400965.88,1781505427.34
2023-02-24,22:41:00,6.1214256986,01:19:00,6.8485114452,6.6772679381,6.2882785547,60108682.76,1831504636.44
2023-02-23,12:08:00,6.5900331444,07:14:00,6.9511187722,6.7301762886,6.6773908911,57172832.38,1944606766.07
2023-02-22,16:01:00,6.4804662076,05:13:00,7.2779405715,6.8883679019,6.7303709895,102105091.25,1959956413.76
2023-02-21,16:14:00,6.7566635398,00:04:00,7.346519017,7.3395526078,6.8888819479,78838543.83,1996914431.46
2023-02-20,09:34:00,7.1551070661,00:25:00,7.5045871345,7.3341232316,7.3406914699,103032225.91,2127867451.45
2023-02-19,00:01:00,7.0620792536,13:28:00,8.1728441387,7.0686142024,7.3258870445,191063765.91,2123561098.55
2023-02-18,23:04:00,7.0418085695,04:13:00,7.6412107742,7.3174950579,7.0708511607,105287933.4,2049585666.15
2023-02-17,00:04:00,5.9268252416,17:04:00,7.744887401,5.9395882766,7.317027428,261930585.42,2120937591.51
2023-02-16,14:10:00,5.864701002,22:16:00,6.2483555258,6.0358852536,5.9423262522,74707844.7,1722406402.95
2023-02-15,01:58:00,5.4982171947,23:47:00,6.0513165858,5.5311255747,6.0366628907,47670573.56,1749738187.48
2023-02-14,01:36:00,5.2995139392,15:25:00,5.5543827584,5.3490339244,5.5313958641,39819565.98,1599816939.69
2023-02-13,10:31:00,5.2010430301,03:55:00,5.6416408377,5.5071266694,5.3495066606,56738168.29,1547166771.73
2023-02-12,02:55:00,5.2003359875,15:49:00,5.6888092398,5.2708084042,5.5077903185,55354138.66,1590994781.9
2023-02-11,00:22:00,5.0466681628,23:30:00,5.2808139651,5.0806530745,5.2699601049,22740975.54,1522259214.03
2023-02-10,05:31:00,5.0057290958,19:37:00,5.1875190372,5.0746334854,5.0802601164,35778157.23,1467448529.11
2023-02-09,22:58:00,4.9927086959,01:06:00,5.744209233,5.720910694,5.0731524225,56384413.67,1446566103.58
2023-02-08,21:01:00,5.6273959206,12:49:00,5.9733799238,5.8353716312,5.7190655242,46156439.89,1630527235.11
2023-02-07,00:59:00,5.4399916259,23:23:00,5.8823677841,5.4450626609,5.8344023564,49575059.08,1663341236.01
2023-02-06,23:22:00,5.3964405714,01:52:00,5.6801126923,5.629356432,5.4464181191,31284651.6,1551324504.42
2023-02-05,17:19:00,5.5909288481,06:41:00,5.954591565,5.7952130144,5.629795863,38257327.49,1603258655.76
2023-02-04,05:31:00,5.7744850003,14:01:00,5.9560816257,5.871388914,5.7948637396,24396512.26,1649850446.18
2023-02-03,07:43:00,5.7453645819,15:49:00,5.8952388469,5.7632022776,5.8713098517,32618053.68,1671594850.94
2023-02-02,23:59:00,5.7658120797,00:55:00,6.1397985641,6.0546701772,5.7658120797,69407529.45,1641503298.73
2023-02-01,15:52:00,5.6631863251,22:14:00,6.1755943829,5.8794493096,6.0563971301,58270155.28,1724221775.81
2023-01-31,01:36:00,5.6517795117,19:58:00,5.9414847419,5.7787910836,5.8798461203,39602561.26,1673660732.78
2023-01-30,20:23:00,5.6402539962,00:00:00,6.2560830563,6.2560830563,5.7778559111,43393396.47,1644460642.5
2023-01-29,09:05:00,6.0162591863,22:01:00,6.2694061858,6.0720595157,6.2557764123,47200167.01,1780461961.95
2023-01-28,13:23:00,5.8156135626,01:04:00,6.1018290388,6.0527972181,6.0698486728,36193125.47,1727538495.49
2023-01-27,01:56:00,5.6475464314,17:48:00,6.1732420649,5.8409992903,6.051362221,51048043.33,1722252623.89
2023-01-26,00:25:00,5.738972282,14:41:00,6.0263485148,5.7719770521,5.8398676367,50536652.55,1662054490.98
2023-01-25,01:31:00,5.3990437312,22:10:00,5.9064318387,5.5149561469,5.7740234926,41615889.63,1643309206.26
2023-01-24,23:22:00,5.4623904899,08:04:00,5.9755619248,5.8057446345,5.5152778565,41436208.88,1569330992.48
2023-01-23,00:00:00,5.5451325441,10:55:00,5.9510958838,5.5451325441,5.8076603853,54851126.2,1652520104.23
2023-01-22,01:46:00,5.3522997778,17:13:00,5.9156377212,5.4225703701,5.5460731586,59616400.46,1577989433.98
2023-01-21,23:55:00,5.4135279646,22:25:00,5.7072523815,5.5300222479,5.4229093332,53719976.88,1542925912.51
2023-01-20,08:34:00,4.9404831359,22:43:00,5.6089200768,5.1421209979,5.5330933335,48217489.21,1574028039.85
2023-01-19,13:22:00,4.8764864622,23:19:00,5.1485402078,4.9526451363,5.1422445976,34556923.28,1462829830.79
2023-01-18,22:11:00,4.9319225269,07:10:00,5.5445402329,5.1034183357,4.953857844,60806545.13,1406283256.07
2023-01-17,01:39:00,4.986824684,14:26:00,5.4406746386,5.0272149922,5.1050769562,43079982.2,1449202433.2
2023-01-16,15:16:00,4.8650698501,02:28:00,5.273118113,5.149864203,5.0256873517,44893411.3,1426648398.36
2023-01-15,00:47:00,4.9487803091,05:49:00,5.4261141841,5.0588455602,5.1494866453,76812029.36,1461768725.51
2023-01-14,00:02:00,4.6015840281,08:26:00,5.310302712,4.603838171,5.0543662535,83043371.88,1434752867.66
2023-01-13,13:11:00,4.3638449588,22:06:00,4.6504719319,4.5090555126,4.603774361,31000125.04,1306737487.5
2023-01-12,13:34:00,4.2518705733,21:58:00,4.5305960849,4.3377260336,4.5087707966,41450454.58,1277643137.25
2023-01-11,17:01:00,4.1250854956,01:17:00,4.3679994597,4.3169975531,4.338093164,28225360.97,1228744078.21
2023-01-10,02:43:00,4.183233613,00:40:00,4.3248011249,4.2463296468,4.3168284771,22978029.46,1221868904.61
2023-01-09,00:24:00,4.0983474959,17:25:00,4.3698910416,4.107891504,4.2465261173,65408947.41,1186613928.21
2023-01-08,00:49:00,3.9488023229,23:11:00,4.1098475035,4.0165347135,4.1077909803,21818949.6,1147793110.88
2023-01-07,00:15:00,3.8936558712,19:37:00,4.0288756873,3.9054563121,4.0168668525,18218328.06,1121832386.54
2023-01-06,11:29:00,3.7706976991,23:40:00,3.9121449681,3.815292735,3.906203902,20039742.01,1090875974.53
2023-01-05,23:33:00,3.8028979674,00:19:00,3.9676741165,3.9505224666,3.8152930426,23778812.32,1065235055.44
2023-01-04,01:07:00,3.9055964427,04:40:00,4.0341618975,3.9139552621,3.9509545538,27441685.4,1103099437.08
2023-01-03,18:25:00,3.8406727941,00:47:00,4.0516733649,3.9989664984,3.9141084288,41266215.32,1092804713.24
2023-01-02,01:10:00,3.9538737812,22:01:00,4.2046827139,4.018832528,3.9989482061,31921873.43,1116481963.08
2023-01-01,05:02:00,3.9195972224,21:34:00,4.0525669769,3.930881223,4.0175715773,15646294.14,1121673214.97
2022-12-31,23:59:00,3.9302145609,00:33:00,4.1683413641,4.1203733636,3.9302145609,19624030.65,1097219300.36
2022-12-30,06:05:00,3.9109359846,23:20:00,4.1386999948,4.0196162567,4.1203871576,24477588.59,1150306997.03
2022-12-29,00:37:00,3.9187718777,14:30:00,4.0989650978,3.9664108262,4.0205699375,30380252.42,1122436781.19
2022-12-28,01:13:00,3.7904634115,18:16:00,4.0231776454,3.8343329022,3.9668671016,34596902.84,1107438409.28
2022-12-27,21:20:00,3.7715810854,10:32:00,3.9334815873,3.8554497798,3.8342547783,17868623.84,1070362369.38
2022-12-26,00:02:00,3.7658412095,06:40:00,3.9209538489,3.766389905,3.855698021,21356450.94,1076339194.37
2022-12-25,14:43:00,3.7096217337,17:06:00,3.7758328392,3.7490844009,3.7666064776,12080350.27,1051463232.09
2022-12-24,00:00:00,3.6627448707,23:44:00,3.7613297941,3.6627448707,3.7501788149,10734109.66,1046875467.29
2022-12-23,21:10:00,3.6419721401,13:03:00,3.7815283646,3.739521563,3.6627237475,15419992.47,1022320196.76
2022-12-22,17:54:00,3.6138148423,12:19:00,3.7764286408,3.7144168432,3.7392728729,15478399.71,1043683690.85
2022-12-21,08:38:00,3.5915056718,00:46:00,3.7330679812,3.7228708357,3.7133620974,15636212.76,1036448848.54
2022-12-20,00:15:00,3.461208619,23:24:00,3.7375968007,3.4908719915,3.7237489478,18990447.79,1040951658.12
2022-12-19,22:35:00,3.3890388111,11:01:00,3.7392890111,3.6846157588,3.4877052488,18318697.48,974955873.25
2022-12-18,15:03:00,3.6154058235,02:17:00,3.7299208258,3.6893076929,3.684447474,11130021.66,1029877238.26
2022-12-17,02:30:00,3.4327030822,11:10:00,3.7328861933,3.5553101784,3.6894583779,37659352.37,1031260367.45
2022-12-16,23:35:00,3.531589636,07:55:00,3.9805346568,3.9250173772,3.5508291185,26281206.9,992500241.6
2022-12-15,01:56:00,3.8771164827,09:25:00,4.0390366351,3.9951092618,3.9255486692,17950773.7,1097217870.68
2022-12-14,01:56:00,3.8771164827,04:16:00,4.2101086932,4.1634403385,3.8929472389,24952417.38,1088082964.81
2022-12-13,07:22:00,3.9702890139,14:22:00,4.2880292566,4.1729725503,4.1631858589,30645878.78,1160339831.48
2022-12-12,02:59:00,4.0959303523,00:11:00,4.2300500528,4.2207057165,4.1727978694,20719601.32,1162971083.71
2022-12-11,23:50:00,4.22020455,08:31:00,4.4623974129,4.4050377937,4.2215134796,16807628.05,1174921840.59
2022-12-10,09:28:00,4.3070457515,23:28:00,4.4205648594,4.3742692691,4.4051078722,13231985.97,1225967651.22
2022-12-09,04:08:00,4.2575974583,11:05:00,4.4701869698,4.279609629,4.3740869406,31095126.57,1201089014.48
2022-12-08,11:49:00,4.0788117652,19:02:00,4.3296040802,4.1741700763,4.281305359,22295273.03,1175591433.44
2022-12-07,08:53:00,4.1478189262,02:54:00,4.4308171616,4.3828299079,4.1735467144,23133055.86,1145826507.56
2022-12-06,09:55:00,4.333520823,15:55:00,4.4810195709,4.4288919008,4.3825331095,18997377.16,1202643385.06
2022-12-05,19:25:00,4.3445041635,08:38:00,4.5944695885,4.3521824312,4.4288061074,39450221.21,1215310515.54
2022-12-04,00:02:00,4.1355417218,16:08:00,4.3741496769,4.1366765574,4.354118805,27968787.14,1194748264.55
2022-12-03,23:09:00,4.1237520136,05:26:00,4.3369831449,4.2826210122,4.1366976894,31895411.37,1135074981.74
2022-12-02,02:17:00,4.0237691334,17:13:00,4.3458384867,4.1173809816,4.2826394174,35030870.85,1174869283.01
2022-12-01,05:47:00,4.0215402315,13:29:00,4.2453790375,4.1047838923,4.1171753075,29070033.67,1129463458.75
2022-11-30,00:00:00,3.9612624978,21:20:00,4.1498726501,3.9612624978,4.1065954176,27068541.41,1126527814.83
2022-11-29,00:16:00,3.8238119401,11:25:00,3.9678810432,3.850528437,3.9605481477,20776127.05,1086453545.26
2022-11-28,02:04:00,3.7719899469,00:48:00,3.966539819,3.8993568472,3.8497329634,23704662.89,1055955826.64
2022-11-27,00:00:00,3.8898823885,16:02:00,4.1096041713,3.8898823885,3.8996300348,22071978.81,1069605987.39
2022-11-26,19:42:00,3.8804340764,08:16:00,4.0412986847,3.9193709005,3.8894213107,25479030.38,1066761974.28
2022-11-25,04:59:00,3.7768904651,23:58:00,3.9197865379,3.8811395131,3.9194934192,17056798.22,1074857368.22
2022-11-24,10:54:00,3.8248410353,02:16:00,3.978747326,3.9126424352,3.8820917716,19927035.31,1064595790.26
2022-11-23,01:55:00,3.7043049611,21:50:00,3.9487166418,3.7091684208,3.9123641964,25046100.9,1072883558.88
2022-11-22,10:03:00,3.5292450677,15:31:00,3.7394862647,3.621777963,3.7068496863,30027678.08,1016464716.54
2022-11-21,02:18:00,3.522039309,13:25:00,3.723499148,3.5991696845,3.6221045439,35529325.97,993174802.43
2022-11-20,23:59:00,3.5979970727,10:09:00,4.0554631098,3.9712512748,3.5979970727,40935106.41,986521620.68
2022-11-19,05:26:00,3.7716731828,23:23:00,4.0129467286,3.8352908196,3.9720239357,25872710.09,1088959079.85
2022-11-18,18:55:00,3.7468735727,11:55:00,3.8705095928,3.7571905017,3.8358823861,20604835.06,1051504001.78
2022-11-17,14:29:00,3.7440196738,02:45:00,3.9289683826,3.8728498421,3.7574867001,23345268.37,1029788005.47
2022-11-16,16:11:00,3.8225265754,03:47:00,4.0275498833,3.9779357161,3.8724997373,21973601.03,1058871314.68
2022-11-15,00:59:00,3.9011634116,15:40:00,4.0904134534,3.9239214803,3.9789506482,31746681.31,1087974196.21
2022-11-14,04:47:00,3.6808500625,13:31:00,4.0785640494,3.9509644299,3.923264766,44680850.08,1072729077.39
2022-11-13,09:32:00,3.68749451,17:57:00,4.0751511093,3.8195256827,3.9536681687,50289297.41,1081000749.06
2022-11-12,05:17:00,3.7699702773,00:01:00,4.0202580912,4.0197195229,3.8204369778,36026641.6,1043094647.9
2022-11-11,20:40:00,3.9011585979,01:19:00,4.3905792379,4.2629863435,4.0180015778,62170009.5,1097028092.0
2022-11-10,00:05:00,3.6107894215,17:11:00,4.3728341749,3.6791575858,4.2634616385,72826382.87,1162890090.29
2022-11-09,23:25:00,3.5456994552,00:34:00,4.3923566474,4.3662469844,3.6791725156,87633713.02,989836280.8
2022-11-08,19:32:00,3.9191151589,01:31:00,5.2523997287,5.1892209222,4.3614144921,107188590.68,1173378474.75
2022-11-07,08:02:00,5.0277165664,02:46:00,5.3038173778,5.2089906525,5.1897197388,54313002.66,1396134045.92
2022-11-06,23:41:00,5.1790700225,00:41:00,5.5817649091,5.5629077892,5.2085602328,58734706.5,1401101281.4
2022-11-05,15:01:00,5.5083056312,03:02:00,5.7882499533,5.6257077165,5.562388325,81690418.27,1496212072.32
2022-11-04,00:00:00,5.3793744696,14:41:00,5.7639761421,5.3793744696,5.6262030761,86608033.61,1513280677.56
2022-11-03,00:14:00,4.9224878066,16:55:00,5.5689608959,4.9352474404,5.3809534746,88343905.9,1447304819.79
2022-11-02,20:34:00,4.8757333506,05:05:00,5.2261215612,5.179473538,4.9360538965,49023116.9,1327620916.85
2022-11-01,23:56:00,5.1700869517,07:16:00,5.3479623711,5.2883269203,5.179597914,37273177.59,1393118329.51
2022-10-31,08:41:00,5.1385910923,11:14:00,5.4249060463,5.3218057345,5.2886548244,42902250.7,1422329476.12
2022-10-30,16:05:00,5.211609785,08:01:00,5.5135352068,5.4076054897,5.3233375362,42654716.27,1431605619.04
2022-10-29,00:02:00,5.1762974152,19:31:00,5.477813606,5.180728523,5.4079896369,58685832.73,1454291386.37
2022-10-28,07:59:00,4.9941977462,23:15:00,5.2151708588,5.0497655577,5.181432429,39806441.06,1393340709.17
2022-10-27,22:44:00,5.0376034936,06:34:00,5.3395689507,5.1018122428,5.0545243174,53012784.96,1359197386.27
2022-10-26,01:32:00,4.9573084677,10:56:00,5.1561858745,5.0293506524,5.1019200333,48652708.58,1371938799.5
2022-10-25,00:07:00,4.8084558059,18:39:00,5.1048603603,4.8247559077,5.0318574859,37755321.44,1353081192.48
2022-10-24,14:25:00,4.756334425,00:13:00,5.0356484571,5.0233365993,4.8275849623,36580539.17,1298138810.11
2022-10-23,12:28:00,4.8135937454,22:37:00,5.0297955468,4.9055875505,5.0219131428,27845089.07,1350318838.11
2022-10-22,02:44:00,4.8408681322,13:34:00,4.9549027302,4.8961155281,4.9054095616,21880208.86,1318551843.85
2022-10-21,12:25:00,4.6529518114,20:07:00,4.935522977,4.8335809426,4.8967739218,38366867.21,1316214380.08
2022-10-20,00:59:00,4.7845771787,15:11:00,4.9636817522,4.8104372741,4.8345533976,32690646.89,1299425772.15
2022-10-19,22:51:00,4.7962956103,20:02:00,4.9958399246,4.9424494233,4.8105559565,37525871.24,1291272043.33
2022-10-18,19:16:00,4.8527791353,00:39:00,5.1300603819,5.0801471627,4.9426097314,37625013.93,1326665842.81
2022-10-17,00:37:00,4.9575212652,14:17:00,5.1376370843,4.9883911119,5.0805864565,35937825.09,1363615191.33
2022-10-16,00:00:00,4.919331617,11:51:00,5.119957238,4.919331617,4.9885752784,34720053.78,1338846948.7
2022-10-15,02:11:00,4.7965320454,13:12:00,5.0257587758,4.8566949132,4.918451749,41159747.03,1319832111.6
2022-10-14,22:41:00,4.7924204529,01:58:00,5.2585639408,5.0363509945,4.8567959172,47397282.44,1303229390.09
2022-10-13,10:37:00,4.6841018693,22:03:00,5.1239592801,5.0648467421,5.0361513078,64847543.45,1349704139.83
2022-10-12,17:10:00,5.0140598466,09:32:00,5.3091432073,5.2351087983,5.064854684,55179742.76,1357257468.55
2022-10-11,23:35:00,5.2198184647,16:58:00,5.3716244493,5.3161633089,5.2376912492,52644115.8,1396185845.82
2022-10-10,23:47:00,5.3062381912,02:04:00,5.8994516741,5.8577809065,5.3176175376,53522623.98,1416671727.28
2022-10-09,01:47:00,5.8001952825,16:51:00,5.894503721,5.8111037547,5.8575653215,23706327.25,1538660426.08
2022-10-08,23:29:00,5.7870190104,02:47:00,5.9682716833,5.9507571528,5.8129284854,26310904.38,1526832496.75
2022-10-07,16:44:00,5.9024192785,00:31:00,6.0048736062,5.9771058542,5.9514795883,28436341.64,1563071980.35
2022-10-06,23:06:00,5.9647962801,03:17:00,6.1389257305,6.0288122893,5.9769532024,33343643.49,1569592624.31
2022-10-05,14:21:00,5.9137917173,00:07:00,6.1767412669,6.1712311461,6.0288778762,40496382.6,1582388358.35
2022-10-04,02:24:00,5.9889998011,23:47:00,6.198299292,6.0291627696,6.172389761,38573259.75,1619857136.58
2022-10-03,00:08:00,5.8641584849,18:08:00,6.0862385408,5.9034608124,6.0284872548,35027364.21,1581696064.7
2022-10-02,23:37:00,5.8849568073,05:35:00,6.1768839412,6.115668522,5.903545971,31515009.0,1548631818.69
2022-10-01,20:17:00,6.0225428398,02:37:00,6.1586253943,6.0660171466,6.1155283333,27724232.57,1603817254.49
2022-09-30,12:42:00,6.0464082427,09:06:00,6.2161213139,6.133959579,6.0659709887,41597935.97,1590804853.13
2022-09-29,13:52:00,5.9158146976,23:47:00,6.1376864438,6.0438494036,6.1341754711,43857741.22,1608644730.51
2022-09-28,07:16:00,5.8940438602,00:28:00,6.1429345427,6.1165401025,6.043234994,45616756.0,1584755337.31
2022-09-27,16:55:00,6.0174025716,04:11:00,6.4948420776,6.2366156364,6.1186406474,61833548.8,1604328620.19
2022-09-26,06:50:00,5.7807687977,18:59:00,6.2898305117,5.9095547942,6.2361861362,67185281.38,1635083817.28
2022-09-25,17:08:00,5.8537158586,00:41:00,6.0855653039,6.0562135398,5.9096293961,34461942.42,1548030126.05
2022-09-24,23:22:00,6.0396111232,03:07:00,6.2491858935,6.2167585811,6.0564549193,32853199.68,1586324118.4
2022-09-23,14:05:00,5.9592689364,05:22:00,6.4392139648,6.0755766006,6.2175748178,54822177.63,1628472189.25
2022-09-22,00:22:00,5.8905811204,10:40:00,6.1221925367,5.9329649026,6.0758119614,34713290.88,1591186090.71
2022-09-21,06:31:00,5.7651281478,19:04:00,6.1566214135,5.9241096692,5.9391932449,46524058.09,1548939944.64
2022-09-20,13:33:00,5.8823083125,07:10:00,6.1174919739,6.0427667866,5.9236884353,40822047.86,1544862090.29
2022-09-19,06:46:00,5.6450091761,19:14:00,6.1912727706,5.8477764578,6.0430845066,60597241.7,1575897006.81
2022-09-18,21:13:00,5.553363005,00:00:00,6.2954260018,6.2954260018,5.8417182841,43845943.46,1521855173.13
2022-09-17,12:19:00,6.1693167752,01:13:00,6.3805620062,6.184497916,6.2955051421,32071279.32,1638730004.26
2022-09-16,02:17:00,5.9763721684,15:23:00,6.2606290752,6.1244585499,6.1819332733,42249317.36,1609074113.38
2022-09-15,14:55:00,5.9778365938,07:22:00,6.33718863,6.3084799479,6.1248013373,51391134.84,1594166054.3
2022-09-14,21:35:00,6.188264328,14:55:00,6.5274212953,6.4084203502,6.3086303121,49325352.14,1641943625.78
2022-09-13,00:22:00,6.3733807668,11:13:00,7.0906038601,6.9189290097,6.4211975185,52770569.83,1671228877.16
2022-09-12,16:23:00,6.8731659249,02:01:00,7.232790216,7.1749851543,6.9177351397,65657814.69,1798324999.3
